(0.10000000149011612, 0.10000000149011612)
(0.0, 0.05000000074505806)
(0.0, 0.033333333830038704)
(0.0, 0.02500000037252903)
(0.0, 0.020000000298023225)
(0.0, 0.016666666915019352)
(0.0, 0.014285714498588018)
(0.0, 0.012500000186264515)
(0.0, 0.011111111276679568)
(0.0, 0.010000000149011612)
(0.0, 0.009090909226374193)
(0.0, 0.008333333457509676)
(0.0, 0.007692307806932009)
(0.0, 0.007142857249294009)
(0.0, 0.0066666667660077415)
(0.0, 0.0062500000931322575)
(0.0, 0.00588235302883036)
(0.0, 0.005555555638339784)
(0.0, 0.005263157973164006)
(0.0, 0.005000000074505806)
(0.0, 0.004761904832862672)
(0.0, 0.004545454613187097)
(0.0, 0.004347826151744179)
(0.0, 0.004166666728754838)
(0.0, 0.004000000059604645)
(0.0, 0.0038461539034660044)
(0.0, 0.0037037037588931896)
(0.0, 0.0035714286246470044)
(0.0, 0.00344827591345228)
(0.0, 0.0033333333830038708)
(0.0, 0.0032258064996811653)
(0.0, 0.0031250000465661287)
(0.0, 0.003030303075458064)
(0.0, 0.00294117651441518)
(0.0, 0.0028571428997176034)
(0.0, 0.002777777819169892)
(0.0, 0.002702702742976111)
(0.0, 0.002631578986582003)
(0.0, 0.0025641026023106696)
(0.0, 0.002500000037252903)
(0.0, 0.002439024426588198)
(0.0, 0.002380952416431336)
(0.0, 0.0023255814300027003)
(0.0, 0.0022727273065935483)
(0.0, 0.0022222222553359137)
(0.0, 0.0021739130758720894)
(0.0, 0.0021276596061726833)
(0.0, 0.002083333364377419)
(0.0, 0.0020408163569411455)
(0.0, 0.0020000000298023225)
(0.0, 0.0019607843429434533)
(0.0, 0.0019230769517330022)
(0.0, 0.0018867924809455872)
(0.0, 0.0018518518794465948)
(0.0, 0.0018181818452748385)
(0.0, 0.0017857143123235022)
(0.0, 0.0017543859910546687)
(0.0, 0.00172413795672614)
(0.0, 0.0016949152794934936)
(0.0, 0.0016666666915019354)
(0.0, 0.001639344286723215)
(0.0, 0.0016129032498405826)
(0.0, 0.0015873016109542242)
(0.0, 0.0015625000232830644)
(0.0, 0.0015384615613864019)
(0.0, 0.001515151537729032)
(0.0, 0.0014925373356733749)
(0.0, 0.00147058825720759)
(0.0, 0.0014492753839147263)
(0.0, 0.0014285714498588017)
(0.0, 0.001408450725212903)
(0.0, 0.001388888909584946)
(0.0, 0.0013698630341111796)
(0.0, 0.0013513513714880556)
(0.0, 0.0013333333532015482)
(0.0, 0.0013157894932910015)
(0.0, 0.0012987013180534562)
(0.0, 0.0012820513011553348)
(0.0, 0.0012658228036723559)
(0.0, 0.0012500000186264515)
(0.0, 0.0012345679196310631)
(0.0, 0.001219512213294099)
(0.0, 0.00120481929506164)
(0.0, 0.001190476208215668)
(0.0, 0.001176470605766072)
(0.0, 0.0011627907150013501)
(0.0, 0.0011494253044840932)
(0.0, 0.0011363636532967741)
(0.0, 0.0011235955223608553)
(0.0, 0.0011111111276679568)
(0.0, 0.0010989011152760014)
(0.0, 0.0010869565379360447)
(0.0, 0.001075268833227055)
(0.0, 0.0010638298030863416)
(0.0, 0.0010526315946328012)
(0.0, 0.0010416666821887095)
(0.0, 0.0010309278504135682)
(0.0, 0.0010204081784705727)
(0.0, 0.001010101025152688)
(0.0, 0.0010000000149011613)
(0.0, 0.0)
(0.0, 0.0)
(0.0, 0.0)
(0.0, 0.0)
(0.0, 0.0)
(0.0, 0.0)
(0.0, 0.0)
(0.10000000149011612, 0.0010000000149011613)
(0.10000000149011612, 0.0020000000298023225)
(0.0, 0.0020000000298023225)
(0.0, 0.0020000000298023225)
(0.0, 0.0020000000298023225)
(0.0, 0.0020000000298023225)
(0.0, 0.0020000000298023225)
(0.10000000149011612, 0.0030000000447034836)
(0.10000000149011612, 0.004000000059604645)
(0.0, 0.004000000059604645)
(0.0, 0.004000000059604645)
(0.0, 0.004000000059604645)
(0.10000000149011612, 0.005000000074505806)
(0.0, 0.005000000074505806)
(0.10000000149011612, 0.006000000089406967)
(0.0, 0.006000000089406967)
(0.0, 0.006000000089406967)
(0.0, 0.006000000089406967)
(0.0, 0.006000000089406967)
(0.0, 0.006000000089406967)
(0.0, 0.006000000089406967)
(0.0, 0.006000000089406967)
(0.0, 0.006000000089406967)
(0.0, 0.006000000089406967)
(0.0, 0.006000000089406967)
(0.0, 0.006000000089406967)
(0.0, 0.006000000089406967)
(0.0, 0.006000000089406967)
(0.0, 0.006000000089406967)
(0.0, 0.006000000089406967)
(0.0, 0.006000000089406967)
(0.0, 0.006000000089406967)
(0.0, 0.006000000089406967)
(0.0, 0.006000000089406967)
(0.09000000171363354, 0.006900000106543303)
(0.0, 0.006900000106543303)
(0.10000000149011612, 0.007900000121444463)
(0.0, 0.007900000121444463)
(0.0, 0.007900000121444463)
(0.09000000171363354, 0.008800000138580798)
(0.09000000171363354, 0.009700000155717134)
(0.10000000149011612, 0.010700000170618295)
(0.0, 0.010700000170618295)
(0.09000000171363354, 0.01160000018775463)
(0.0, 0.01160000018775463)
(0.0, 0.01160000018775463)
(0.0, 0.01160000018775463)
(0.0, 0.01160000018775463)
(0.0, 0.01160000018775463)
(0.0, 0.01160000018775463)
(0.0, 0.01160000018775463)
(0.0, 0.01160000018775463)
(0.0, 0.01160000018775463)
(0.0, 0.01160000018775463)
(0.0, 0.01160000018775463)
(0.0, 0.01160000018775463)
(0.0, 0.01160000018775463)
(0.0, 0.01160000018775463)
(0.0, 0.01160000018775463)
(0.0, 0.01160000018775463)
(0.0, 0.01160000018775463)
(0.0, 0.01160000018775463)
(0.0, 0.01160000018775463)
(0.0, 0.01160000018775463)
(0.0, 0.01160000018775463)
(0.0, 0.01160000018775463)
(0.0, 0.01160000018775463)
(0.0, 0.01160000018775463)
(0.0, 0.01160000018775463)
(0.0, 0.01160000018775463)
(0.0, 0.01160000018775463)
(0.0, 0.01160000018775463)
(0.0, 0.01160000018775463)
(0.0, 0.01160000018775463)
(0.0, 0.01160000018775463)
(0.0, 0.01160000018775463)
(0.0, 0.01160000018775463)
(0.0, 0.01160000018775463)
(0.0, 0.01160000018775463)
(0.0, 0.01160000018775463)
(0.0, 0.01160000018775463)
(0.0, 0.01160000018775463)
(0.0, 0.01160000018775463)
(0.0, 0.01160000018775463)
(0.0, 0.01160000018775463)
(0.0, 0.01160000018775463)
(0.0, 0.01160000018775463)
(0.0, 0.01160000018775463)
(0.0, 0.01160000018775463)
(0.0, 0.01160000018775463)
(0.0, 0.01160000018775463)
(0.0, 0.01160000018775463)
(0.0, 0.01160000018775463)
(0.0, 0.01160000018775463)
(0.0, 0.01160000018775463)
(0.0, 0.01160000018775463)
(0.0, 0.01160000018775463)
(0.0, 0.01160000018775463)
(0.0, 0.01160000018775463)
(0.0, 0.01160000018775463)
(0.0, 0.01060000017285347)
(0.0, 0.009600000157952308)
(0.0, 0.009600000157952308)
(0.0, 0.009600000157952308)
(0.0, 0.009600000157952308)
(0.0, 0.009600000157952308)
(0.0, 0.009600000157952308)
(0.0, 0.008600000143051147)
(0.0, 0.007600000128149986)
(0.0, 0.007600000128149986)
(0.0, 0.007600000128149986)
(0.0, 0.007600000128149986)
(0.0, 0.006600000113248825)
(0.0, 0.006600000113248825)
(0.0, 0.005600000098347664)
(0.0, 0.005600000098347664)
(0.0, 0.005600000098347664)
(0.0, 0.005600000098347664)
(0.0, 0.005600000098347664)
(0.0, 0.005600000098347664)
(0.0, 0.005600000098347664)
(0.0, 0.005600000098347664)
(0.0, 0.005600000098347664)
(0.0, 0.005600000098347664)
(0.0, 0.005600000098347664)
(0.0, 0.005600000098347664)
(0.0, 0.005600000098347664)
(0.0, 0.005600000098347664)
(0.0, 0.005600000098347664)
(0.0, 0.005600000098347664)
(0.0, 0.005600000098347664)
(0.0, 0.005600000098347664)
(0.0, 0.005600000098347664)
(0.0, 0.005600000098347664)
(0.0, 0.004700000081211329)
(0.0, 0.004700000081211329)
(0.0, 0.003700000066310167)
(0.0, 0.003700000066310167)
(0.0, 0.003700000066310167)
(0.0, 0.002800000049173832)
(0.0, 0.0019000000320374966)
(0.0, 0.0009000000171363354)
(0.0, 0.0009000000171363354)
(0.0, 0.0)
(0.0, 0.0)
(0.0, 0.0)
(0.0, 0.0)
(0.0, 0.0)
(0.0, 0.0)
(0.0, 0.0)
(0.0, 0.0)
(0.0, 0.0)
(0.09000000171363354, 0.0009000000171363354)
(0.0, 0.0009000000171363354)
(0.09000000171363354, 0.0018000000342726708)
(0.0, 0.0018000000342726708)
(0.0, 0.0018000000342726708)
(0.0, 0.0018000000342726708)
(0.0, 0.0018000000342726708)
(0.0, 0.0018000000342726708)
(0.0, 0.0018000000342726708)
(0.0, 0.0018000000342726708)
(0.0, 0.0018000000342726708)
(0.0, 0.0018000000342726708)
(0.0, 0.0018000000342726708)
(0.0, 0.0018000000342726708)
(0.0, 0.0018000000342726708)
(0.0, 0.0018000000342726708)
(0.0, 0.0018000000342726708)
(0.0, 0.0018000000342726708)
(0.0, 0.0018000000342726708)
(0.0, 0.0018000000342726708)
(0.0, 0.0018000000342726708)
(0.0, 0.0018000000342726708)
(0.0, 0.0018000000342726708)
(0.0, 0.0018000000342726708)
(0.0, 0.0018000000342726708)
(0.0, 0.0018000000342726708)
(0.0, 0.0018000000342726708)
(0.0, 0.0018000000342726708)
(0.0, 0.0018000000342726708)
(0.0, 0.0018000000342726708)
(0.0, 0.0018000000342726708)
(0.0, 0.0018000000342726708)
(0.0, 0.0018000000342726708)
(0.0, 0.0018000000342726708)
(0.0, 0.0018000000342726708)
(0.0, 0.0018000000342726708)
(0.0, 0.0018000000342726708)
(0.0, 0.0018000000342726708)
(0.0, 0.0018000000342726708)
(0.0, 0.0018000000342726708)
(0.0, 0.0018000000342726708)
(0.0, 0.0018000000342726708)
(0.0, 0.0018000000342726708)
(0.0, 0.0018000000342726708)
(0.0, 0.0018000000342726708)
(0.0, 0.0018000000342726708)
(0.0, 0.0018000000342726708)
(0.0, 0.0018000000342726708)
(0.0, 0.0018000000342726708)
(0.0, 0.0018000000342726708)
(0.0, 0.0018000000342726708)
(0.0, 0.0018000000342726708)
(0.0, 0.0018000000342726708)
(0.0, 0.0018000000342726708)
(0.0, 0.0018000000342726708)
(0.0, 0.0018000000342726708)
(0.0, 0.0018000000342726708)
(0.0, 0.0018000000342726708)
(0.0, 0.0018000000342726708)
(0.0, 0.0018000000342726708)
(0.0, 0.0018000000342726708)
(0.0, 0.0018000000342726708)
(0.0, 0.0018000000342726708)
(0.0, 0.0018000000342726708)
(0.0, 0.0018000000342726708)
(0.0, 0.0018000000342726708)
(0.0, 0.0018000000342726708)
(0.0, 0.0018000000342726708)
(0.0, 0.0018000000342726708)
(0.0, 0.0018000000342726708)
(0.0, 0.0018000000342726708)
(0.0, 0.0018000000342726708)
(0.0, 0.0018000000342726708)
(0.0, 0.0018000000342726708)
(0.0, 0.0018000000342726708)
(0.0, 0.0018000000342726708)
(0.0, 0.0018000000342726708)
(0.0, 0.0018000000342726708)
(0.0, 0.0018000000342726708)
(0.0, 0.0018000000342726708)
(0.0, 0.0018000000342726708)
(0.0, 0.0018000000342726708)
(0.0, 0.0018000000342726708)
(0.0, 0.0018000000342726708)
(0.0, 0.0018000000342726708)
(0.0, 0.0018000000342726708)
(0.0, 0.0018000000342726708)
(0.0, 0.0018000000342726708)
(0.0, 0.0018000000342726708)
(0.0, 0.0018000000342726708)
(0.0, 0.0018000000342726708)
(0.0, 0.0018000000342726708)
(0.0, 0.0018000000342726708)
(0.0, 0.0018000000342726708)
(0.0, 0.0018000000342726708)
(0.0, 0.0018000000342726708)
(0.0, 0.0018000000342726708)
(0.0, 0.0018000000342726708)
(0.0, 0.0018000000342726708)
(0.0, 0.0018000000342726708)
(0.0, 0.0009000000171363354)
(0.0, 0.0009000000171363354)
(0.0, 0.0)
(0.0, 0.0)
(0.0, 0.0)
(0.0, 0.0)
(0.0, 0.0)
(0.0, 0.0)
(0.0, 0.0)
(0.0, 0.0)
(0.0, 0.0)
(0.0, 0.0)
(0.0, 0.0)
(0.0, 0.0)
(0.0, 0.0)
(0.0, 0.0)
(0.0, 0.0)
(0.0, 0.0)
(0.0, 0.0)
(0.0, 0.0)
(0.0, 0.0)
(0.0, 0.0)
(0.0, 0.0)
(0.0, 0.0)
(0.0, 0.0)
(0.0, 0.0)
(0.0, 0.0)
(0.0, 0.0)
(0.0, 0.0)
(0.0, 0.0)
(0.0, 0.0)
(0.0, 0.0)
(0.0, 0.0)
(0.0, 0.0)
(0.0, 0.0)
(0.0, 0.0)
(0.0, 0.0)
(0.0, 0.0)
(0.0, 0.0)
(0.0, 0.0)
(0.0, 0.0)
(0.0, 0.0)
(0.0, 0.0)
(0.0, 0.0)
(0.0, 0.0)
(0.0, 0.0)
(0.0, 0.0)
(0.0, 0.0)
(0.0, 0.0)
(0.0, 0.0)
(0.0, 0.0)
(0.0, 0.0)
(0.0, 0.0)
(0.0, 0.0)
(0.0, 0.0)
(0.0, 0.0)
(0.0, 0.0)
(0.0, 0.0)
(0.0, 0.0)
(0.0, 0.0)
(0.0, 0.0)
(0.0, 0.0)
(0.0, 0.0)
(0.0, 0.0)
(0.0, 0.0)
(0.0, 0.0)
(0.0, 0.0)
(0.0, 0.0)
(0.0, 0.0)
(0.0, 0.0)
(0.0, 0.0)
(0.0, 0.0)
(0.0, 0.0)
(0.0, 0.0)
(0.0, 0.0)
(0.0, 0.0)
(0.0, 0.0)
(0.0, 0.0)
(0.0, 0.0)
(0.0, 0.0)
(0.0, 0.0)
(0.0, 0.0)
(0.0, 0.0)
(0.0, 0.0)
(0.0, 0.0)
(0.0, 0.0)
(0.0, 0.0)
(0.0, 0.0)
(0.0, 0.0)
(0.0, 0.0)
(0.0, 0.0)
(0.0, 0.0)
(0.0, 0.0)
(0.0, 0.0)
(0.0, 0.0)
(0.0, 0.0)
(0.0, 0.0)
(0.0, 0.0)
(0.0, 0.0)
(0.0, 0.0)
(0.0, 0.0)
(0.0, 0.0)
(0.0, 0.0)
(0.0, 0.0)
(0.0, 0.0)
(0.0, 0.0)
(0.0, 0.0)
(0.0, 0.0)
(0.0, 0.0)
(0.0, 0.0)
(0.0, 0.0)
(0.0, 0.0)
(0.0, 0.0)
(0.0, 0.0)
(0.0, 0.0)
(0.0, 0.0)
(0.0, 0.0)
(0.0, 0.0)
(0.0, 0.0)
(0.0, 0.0)
(0.0, 0.0)
(0.0, 0.0)
(0.0, 0.0)
(0.0, 0.0)
(0.0, 0.0)
(0.0, 0.0)
(0.0, 0.0)
(0.0, 0.0)
(0.0, 0.0)
(0.0, 0.0)
(0.0, 0.0)
(0.0, 0.0)
(0.0, 0.0)
(0.0, 0.0)
(0.0, 0.0)
(0.0, 0.0)
(0.0, 0.0)
(0.0, 0.0)
(0.0, 0.0)
(0.0, 0.0)
(0.0, 0.0)
(0.0, 0.0)
(0.0, 0.0)
(0.0, 0.0)
(0.0, 0.0)
(0.0, 0.0)
(0.0, 0.0)
(0.0, 0.0)
(0.0, 0.0)
(0.0, 0.0)
(0.0, 0.0)
(0.0, 0.0)
(0.0, 0.0)
(0.0, 0.0)
(0.0, 0.0)
(0.0, 0.0)
(0.0, 0.0)
(0.0, 0.0)
(0.0, 0.0)
(0.0, 0.0)
(0.10000000149011612, 0.0010000000149011613)
(0.0, 0.0010000000149011613)
(0.0, 0.0010000000149011613)
(0.0, 0.0010000000149011613)
(0.0, 0.0010000000149011613)
(0.0, 0.0010000000149011613)
(0.10000000149011612, 0.0020000000298023225)
(0.10000000149011612, 0.0030000000447034836)
(0.0, 0.0030000000447034836)
(0.0, 0.0030000000447034836)
(0.0, 0.0030000000447034836)
(0.0, 0.0030000000447034836)
(0.0, 0.0030000000447034836)
(0.0, 0.0030000000447034836)
(0.0, 0.0030000000447034836)
(0.0, 0.0030000000447034836)
(0.0, 0.0030000000447034836)
(0.0, 0.0030000000447034836)
(0.09000000171363354, 0.003900000061839819)
(0.0, 0.003900000061839819)
(0.10000000149011612, 0.00490000007674098)
(0.0, 0.00490000007674098)
(0.0, 0.00490000007674098)
(0.10000000149011612, 0.005900000091642142)
(0.10000000149011612, 0.006900000106543303)
(0.0, 0.006900000106543303)
(0.10000000149011612, 0.007900000121444463)
(0.0, 0.007900000121444463)
(0.0, 0.007900000121444463)
(0.0, 0.007900000121444463)
(0.0, 0.007900000121444463)
(0.0, 0.007900000121444463)
(0.0, 0.007900000121444463)
(0.0, 0.007900000121444463)
(0.0, 0.007900000121444463)
(0.0, 0.007900000121444463)
(0.10000000149011612, 0.008900000136345626)
(0.0, 0.008900000136345626)
(0.09000000171363354, 0.00980000015348196)
(0.0, 0.00980000015348196)
(0.0, 0.00980000015348196)
(0.09000000171363354, 0.010700000170618295)
(0.0, 0.010700000170618295)
(0.0, 0.010700000170618295)
(0.09000000171363354, 0.01160000018775463)
(0.0, 0.01160000018775463)
(0.0, 0.01160000018775463)
(0.0, 0.01160000018775463)
(0.10000000149011612, 0.012600000202655792)
(0.0, 0.012600000202655792)
(0.0, 0.012600000202655792)
(0.0, 0.012600000202655792)
(0.0, 0.012600000202655792)
(0.0, 0.012600000202655792)
(0.09000000171363354, 0.013500000219792127)
(0.09000000171363354, 0.014400000236928463)
(0.0, 0.014400000236928463)
(0.0, 0.014400000236928463)
(0.0, 0.014400000236928463)
(0.09000000171363354, 0.015300000254064798)
(0.0, 0.015300000254064798)
(0.10000000149011612, 0.01630000026896596)
(0.0, 0.01630000026896596)
(0.0, 0.01630000026896596)
(0.10000000149011612, 0.01730000028386712)
(0.10000000149011612, 0.01830000029876828)
(0.0, 0.01830000029876828)
(0.09000000171363354, 0.019200000315904617)
(0.0, 0.019200000315904617)
(0.09000000171363354, 0.020100000333040952)
(0.10000000149011612, 0.021100000347942113)
(0.09000000171363354, 0.02200000036507845)
(0.10000000149011612, 0.02300000037997961)
(0.10000000149011612, 0.02400000039488077)
(0.10000000149011612, 0.025000000409781932)
(0.0, 0.025000000409781932)
(0.0, 0.025000000409781932)
(0.09000000171363354, 0.025900000426918268)
(0.10000000149011612, 0.02690000044181943)
(0.09000000171363354, 0.027800000458955764)
(0.10000000149011612, 0.028800000473856925)
(0.0, 0.028800000473856925)
(0.10000000149011612, 0.029800000488758086)
(0.0, 0.029800000488758086)
(0.10000000149011612, 0.030800000503659247)
(0.0, 0.030800000503659247)
(0.10000000149011612, 0.03180000051856041)
(0.09000000171363354, 0.032700000535696744)
(0.10000000149011612, 0.03370000055059791)
(0.0, 0.03370000055059791)
(0.10000000149011612, 0.034700000565499066)
(0.0, 0.034700000565499066)
(0.0, 0.034700000565499066)
(0.10000000149011612, 0.03570000058040023)
(0.0, 0.03570000058040023)
(0.09000000171363354, 0.03660000059753656)
(0.0, 0.03660000059753656)
(0.10000000149011612, 0.03760000061243773)
(0.0, 0.03760000061243773)
(0.0, 0.03760000061243773)
(0.0, 0.03660000059753656)
(0.10000000149011612, 0.03760000061243773)
(0.0, 0.03760000061243773)
(0.09000000171363354, 0.03850000062957406)
(0.0, 0.03850000062957406)
(0.0, 0.03850000062957406)
(0.0, 0.0375000006146729)
(0.0, 0.03650000059977174)
(0.0, 0.03650000059977174)
(0.0, 0.03650000059977174)
(0.0, 0.03650000059977174)
(0.0, 0.03650000059977174)
(0.0, 0.03650000059977174)
(0.0, 0.03650000059977174)
(0.0, 0.03650000059977174)
(0.0, 0.03650000059977174)
(0.0, 0.03650000059977174)
(0.09000000171363354, 0.037400000616908076)
(0.0, 0.03650000059977174)
(0.0, 0.03650000059977174)
(0.0, 0.03550000058487058)
(0.0, 0.03550000058487058)
(0.10000000149011612, 0.03650000059977174)
(0.09000000171363354, 0.03640000060200691)
(0.0, 0.035400000587105754)
(0.0, 0.035400000587105754)
(0.0, 0.03440000057220459)
(0.0, 0.03440000057220459)
(0.0, 0.03440000057220459)
(0.10000000149011612, 0.035400000587105754)
(0.0, 0.035400000587105754)
(0.09000000171363354, 0.036300000604242086)
(0.0, 0.036300000604242086)
(0.0, 0.036300000604242086)
(0.0, 0.036300000604242086)
(0.10000000149011612, 0.03730000061914325)
(0.0, 0.036300000604242086)
(0.0, 0.036300000604242086)
(0.0, 0.035400000587105754)
(0.0, 0.035400000587105754)
(0.0, 0.035400000587105754)
(0.0, 0.034500000569969415)
(0.0, 0.034500000569969415)
(0.0, 0.034500000569969415)
(0.10000000149011612, 0.03460000056773424)
(0.0, 0.03460000056773424)
(0.0, 0.03460000056773424)
(0.10000000149011612, 0.035600000582635405)
(0.0, 0.03460000056773424)
(0.0, 0.03460000056773424)
(0.0, 0.03460000056773424)
(0.0, 0.03460000056773424)
(0.0, 0.03460000056773424)
(0.0, 0.03460000056773424)
(0.10000000149011612, 0.034700000565499066)
(0.0, 0.033800000548362734)
(0.0, 0.033800000548362734)
(0.0, 0.033800000548362734)
(0.0, 0.033800000548362734)
(0.0, 0.032900000531226395)
(0.10000000149011612, 0.03390000054612756)
(0.0, 0.032900000531226395)
(0.10000000149011612, 0.03390000054612756)
(0.10000000149011612, 0.03490000056102872)
(0.0, 0.03390000054612756)
(0.10000000149011612, 0.03390000054612756)
(0.09000000171363354, 0.03480000056326389)
(0.09000000171363354, 0.03480000056326389)
(0.09000000171363354, 0.03570000058040023)
(0.10000000149011612, 0.035800000578165056)
(0.09000000171363354, 0.03570000058040023)
(0.0, 0.03480000056326389)
(0.0, 0.033800000548362734)
(0.0, 0.03280000053346157)
(0.0, 0.03180000051856041)
(0.0, 0.03180000051856041)
(0.09000000171363354, 0.032700000535696744)
(0.09000000171363354, 0.032700000535696744)
(0.20000000298023224, 0.03370000055059791)
(0.0, 0.03280000053346157)
(0.0, 0.03180000051856041)
(0.0, 0.03180000051856041)
(0.0, 0.030800000503659247)
(0.0, 0.030800000503659247)
(0.10000000149011612, 0.030800000503659247)
(0.0, 0.030800000503659247)
(0.0, 0.029800000488758086)
(0.0, 0.02890000047162175)
(0.0, 0.02790000045672059)
(0.10000000149011612, 0.02890000047162175)
(0.0, 0.02790000045672059)
(0.0, 0.02790000045672059)
(0.0, 0.02790000045672059)
(0.0, 0.02690000044181943)
(0.10000000149011612, 0.02790000045672059)
(0.10000000149011612, 0.028000000454485415)
(0.10000000149011612, 0.029000000469386576)
(0.0, 0.028000000454485415)
(0.10000000149011612, 0.029000000469386576)
(0.4000000059604645, 0.03300000052899122)
(0.0, 0.03300000052899122)
(0.0, 0.03200000051409006)
(0.0, 0.03200000051409006)
(0.0, 0.031100000496953727)
(0.0, 0.031100000496953727)
(0.0, 0.031100000496953727)
(0.10000000149011612, 0.03210000051185489)
(0.0, 0.03210000051185489)
(0.20000000298023224, 0.03410000054165721)
(0.0, 0.03410000054165721)
(0.0, 0.03410000054165721)
(0.0, 0.03410000054165721)
(0.0, 0.03410000054165721)
(0.30000000447034836, 0.03710000058636069)
(0.0, 0.03710000058636069)
(0.0, 0.03710000058636069)
(0.0, 0.03710000058636069)
(0.0, 0.03620000056922436)
(0.0, 0.03620000056922436)
(0.09000000171363354, 0.03710000058636069)
(0.0, 0.03710000058636069)
(0.0, 0.03710000058636069)
(0.0, 0.03610000057145953)
(0.0, 0.035200000554323194)
(0.0, 0.035200000554323194)
(0.0, 0.035200000554323194)
(0.0, 0.035200000554323194)
(0.0, 0.035200000554323194)
(0.0, 0.035200000554323194)
(0.0, 0.034200000539422036)
(0.0, 0.034200000539422036)
(0.20000000298023224, 0.03530000055208802)
(0.0, 0.03530000055208802)
(0.0, 0.03530000055208802)
(0.0, 0.03530000055208802)
(0.0, 0.03430000053718686)
(0.0, 0.03430000053718686)
(0.0, 0.03430000053718686)
(0.0, 0.03430000053718686)
(0.0, 0.03430000053718686)
(0.0, 0.03430000053718686)
(0.0, 0.03430000053718686)
(0.0, 0.03430000053718686)
(0.0, 0.03430000053718686)
(0.0, 0.0333000005222857)
(0.0, 0.0333000005222857)
(0.0, 0.0333000005222857)
(0.0, 0.03230000050738454)
(0.0, 0.03230000050738454)
(0.0, 0.03230000050738454)
(0.0, 0.03230000050738454)
(0.10000000149011612, 0.0333000005222857)
(0.0, 0.0333000005222857)
(0.0, 0.0333000005222857)
(0.09000000171363354, 0.03320000052452087)
(0.0, 0.03320000052452087)
(0.0, 0.03320000052452087)
(0.0, 0.03320000052452087)
(0.0, 0.03320000052452087)
(0.0, 0.03320000052452087)
(0.0, 0.032200000509619714)
(0.0, 0.032200000509619714)
(0.0, 0.031200000494718553)
(0.0, 0.030200000479817392)
(0.10000000149011612, 0.031200000494718553)
(0.0, 0.030200000479817392)
(0.0, 0.029300000462681056)
(0.0, 0.02840000044554472)
(0.0, 0.027500000428408385)
(0.10000000149011612, 0.027500000428408385)
(0.0, 0.02660000041127205)
(0.0, 0.02660000041127205)
(0.10000000149011612, 0.02760000042617321)
(0.0, 0.02760000042617321)
(0.0, 0.02760000042617321)
(0.0, 0.02760000042617321)
(0.0, 0.026700000409036875)
(0.0, 0.02580000039190054)
(0.0, 0.023800000362098218)
(0.0, 0.023800000362098218)
(0.0, 0.023800000362098218)
(0.0, 0.023800000362098218)
(0.10000000149011612, 0.02480000037699938)
(0.0, 0.02480000037699938)
(0.0, 0.023800000362098218)
(0.0, 0.023800000362098218)
(0.0, 0.023800000362098218)
(0.0, 0.023800000362098218)
(0.10000000149011612, 0.02480000037699938)
(0.20000000298023224, 0.02580000039190054)
(0.10000000149011612, 0.0268000004068017)
(0.10000000149011612, 0.027800000421702862)
(0.10000000149011612, 0.028800000436604023)
(0.0, 0.028800000436604023)
(0.0, 0.027800000421702862)
(0.0, 0.0268000004068017)
(0.0, 0.02580000039190054)
(0.0, 0.02580000039190054)
(0.10000000149011612, 0.02580000039190054)
(0.0, 0.021800000332295896)
(0.10000000149011612, 0.022800000347197057)
(0.10000000149011612, 0.023800000362098218)
(0.10000000149011612, 0.02480000037699938)
(0.10000000149011612, 0.02580000039190054)
(0.10000000149011612, 0.0268000004068017)
(0.10000000149011612, 0.027800000421702862)
(0.10000000149011612, 0.027800000421702862)
(0.10000000149011612, 0.028800000436604023)
(0.10000000149011612, 0.027800000421702862)
(0.20000000298023224, 0.029800000451505184)
(0.0, 0.029800000451505184)
(0.10000000149011612, 0.030800000466406345)
(0.20000000298023224, 0.03280000049620867)
(0.10000000149011612, 0.030800000466406345)
(0.20000000298023224, 0.03280000049620867)
(0.09000000171363354, 0.033700000513345006)
(0.10000000149011612, 0.034700000528246164)
(0.10000000149011612, 0.03570000054314733)
(0.10000000149011612, 0.036700000558048486)
(0.10000000149011612, 0.03680000055581331)
(0.10000000149011612, 0.037800000570714476)
(0.10000000149011612, 0.038800000585615634)
(0.10000000149011612, 0.0398000006005168)
(0.20000000298023224, 0.04180000063031912)
(0.20000000298023224, 0.04380000066012144)
(0.0, 0.04380000066012144)
(0.10000000149011612, 0.0448000006750226)
(0.10000000149011612, 0.045800000689923764)
(0.20000000298023224, 0.047800000719726086)
(0.10000000149011612, 0.048800000734627244)
(0.10000000149011612, 0.04980000074952841)
(0.10000000149011612, 0.048800000734627244)
(0.10000000149011612, 0.04980000074952841)
(0.10000000149011612, 0.050800000764429566)
(0.10000000149011612, 0.05180000077933073)
(0.10000000149011612, 0.05280000079423189)
(0.20000000298023224, 0.05480000082403422)
(0.10000000149011612, 0.055800000838935375)
(0.10000000149011612, 0.05680000085383654)
(0.19000000320374966, 0.058700000885874036)
(0.20000000298023224, 0.06070000091567636)
(0.1900000050663948, 0.0626000009663403)
(0.10000000149011612, 0.06360000098124147)
(0.10000000149011612, 0.06460000099614263)
(0.20000000298023224, 0.06660000102594495)
(0.10000000149011612, 0.06760000104084611)
(0.10000000149011612, 0.06860000105574728)
(0.10000000149011612, 0.06960000107064843)
(0.10000000149011612, 0.07060000108554959)
(0.10000000149011612, 0.07160000110045076)
(0.09000000171363354, 0.07250000111758709)
(0.10000000149011612, 0.07250000111758709)
(0.0, 0.07250000111758709)
(0.0, 0.07250000111758709)
(0.0, 0.07160000110045076)
(0.10000000149011612, 0.07260000111535192)
(0.10000000149011612, 0.07360000113025307)
(0.10000000149011612, 0.07460000114515423)
(0.10000000149011612, 0.0756000011600554)
(0.10000000149011612, 0.07660000117495656)
(0.10000000149011612, 0.07760000118985771)
(0.10000000149011612, 0.07860000120475888)
(0.0, 0.07860000120475888)
(0.10000000149011612, 0.07960000121966004)
(0.10000000149011612, 0.07960000121966004)
(0.10000000149011612, 0.08060000123456121)
(0.10000000149011612, 0.08160000124946237)
(0.10000000149011612, 0.08260000126436352)
(0.10000000149011612, 0.08360000127926469)
(0.10000000149011612, 0.08360000127926469)
(0.10000000149011612, 0.08460000129416585)
(0.09000000171363354, 0.08550000131130218)
(0.10000000149011612, 0.08550000131130218)
(0.10000000149011612, 0.08650000132620335)
(0.09000000171363354, 0.08740000134333968)
(0.09000000171363354, 0.08830000136047601)
(0.10000000149011612, 0.08930000137537718)
(0.10000000149011612, 0.09030000139027834)
(0.10000000149011612, 0.0913000014051795)
(0.10000000149011612, 0.09230000142008066)
(0.10000000149011612, 0.09330000143498182)
(0.10000000149011612, 0.09430000144988299)
(0.09000000171363354, 0.09420000145211815)
(0.0, 0.09420000145211815)
(0.09000000171363354, 0.0951000014692545)
(0.10000000149011612, 0.09610000148415565)
(0.10000000149011612, 0.09710000149905681)
(0.10000000149011612, 0.09810000151395798)
(0.10000000149011612, 0.09810000151395798)
(0.09000000171363354, 0.097000001501292)
(0.10000000149011612, 0.097000001501292)
(0.09000000171363354, 0.09690000150352716)
(0.09000000171363354, 0.09680000150576235)
(0.10000000149011612, 0.0978000015206635)
(0.10000000149011612, 0.09880000153556466)
(0.10000000149011612, 0.09980000155046582)
(0.10000000149011612, 0.10080000156536699)
(0.09000000171363354, 0.10170000158250332)
(0.10000000149011612, 0.10170000158250332)
(0.09000000171363354, 0.10260000159963965)
(0.10000000149011612, 0.10260000159963965)
(0.10000000149011612, 0.10260000159963965)
(0.10000000149011612, 0.10260000159963965)
(0.10000000149011612, 0.10260000159963965)
(0.10000000149011612, 0.10260000159963965)
(0.10000000149011612, 0.10260000159963965)
(0.09000000171363354, 0.10250000160187483)
(0.10000000149011612, 0.10250000160187483)
(0.10000000149011612, 0.10250000160187483)
(0.10000000149011612, 0.10150000158697367)
(0.10000000149011612, 0.10250000160187483)
(0.10000000149011612, 0.10250000160187483)
(0.10000000149011612, 0.10150000158697367)
(0.10000000149011612, 0.10150000158697367)
(0.10000000149011612, 0.1005000015720725)
(0.10000000149011612, 0.10060000156983734)
(0.10000000149011612, 0.10060000156983734)
(0.10000000149011612, 0.10060000156983734)
(0.10000000149011612, 0.10060000156983734)
(0.10000000149011612, 0.10060000156983734)
(0.10000000149011612, 0.10060000156983734)
(0.09000000171363354, 0.1005000015720725)
(0.10000000149011612, 0.1005000015720725)
(0.10000000149011612, 0.09950000155717134)
(0.10000000149011612, 0.09850000154227018)
(0.10000000149011612, 0.09950000155717134)
(0.10000000149011612, 0.09950000155717134)
(0.10000000149011612, 0.09950000155717134)
(0.10000000149011612, 0.09850000154227018)
(0.20000000298023224, 0.09950000155717134)
(0.09000000171363354, 0.09940000155940652)
(0.4000000059604645, 0.10240000160411)
(0.10000000149011612, 0.10240000160411)
(0.10000000149011612, 0.10240000160411)
(0.10000000149011612, 0.10240000160411)
(0.10000000149011612, 0.10240000160411)
(0.10000000149011612, 0.10140000158920884)
(0.10000000149011612, 0.10140000158920884)
(0.10000000149011612, 0.10140000158920884)
(0.20000000298023224, 0.10150000158697367)
(0.20000000298023224, 0.10150000158697367)
(0.10000000149011612, 0.10060000155121088)
(0.10000000149011612, 0.10060000155121088)
(0.10000000149011612, 0.10060000155121088)
(0.10000000149011612, 0.09960000153630971)
(0.10000000149011612, 0.09960000153630971)
(0.10000000149011612, 0.09960000153630971)
(0.10000000149011612, 0.09960000153630971)
(0.10000000149011612, 0.09960000153630971)
(0.20000000298023224, 0.10060000155121088)
(0.10000000149011612, 0.10070000154897571)
(0.10000000149011612, 0.10070000154897571)
(0.10000000149011612, 0.10170000156387687)
(0.10000000149011612, 0.10270000157877802)
(0.10000000149011612, 0.10370000159367919)
(0.10000000149011612, 0.10370000159367919)
(0.10000000149011612, 0.10370000159367919)
(0.10000000149011612, 0.10370000159367919)
(0.10000000149011612, 0.10370000159367919)
(0.20000000298023224, 0.10470000160858035)
(0.10000000149011612, 0.10470000160858035)
(0.10000000149011612, 0.10470000160858035)
(0.10000000149011612, 0.10570000162348152)
(0.20000000298023224, 0.10670000163838267)
(0.10000000149011612, 0.10670000163838267)
(0.10000000149011612, 0.10670000163838267)
(0.10000000149011612, 0.10670000163838267)
(0.10000000149011612, 0.10670000163838267)
(0.20000000298023224, 0.10770000165328383)
(0.20000000298023224, 0.108700001668185)
(0.20000000298023224, 0.10970000168308616)
(0.10000000149011612, 0.10980000168085098)
(0.20000000298023224, 0.11080000169575215)
(0.4000000059604645, 0.11380000174045563)
(0.10000000149011612, 0.11390000173822046)
(0.10000000149011612, 0.11400000173598528)
(0.10000000149011612, 0.11400000173598528)
(0.10000000149011612, 0.11400000173598528)
(0.2900000046938658, 0.11590000176802277)
(0.20000000298023224, 0.11690000178292394)
(0.20000000298023224, 0.1179000017978251)
(0.10000000149011612, 0.1179000017978251)
(0.20000000298023224, 0.11900000181049109)
(0.6000000089406967, 0.12500000189989804)
(0.10000000149011612, 0.12510000189766288)
(0.10000000149011612, 0.12510000189766288)
(0.10000000149011612, 0.12510000189766288)
(0.6000000089406967, 0.13010000197216867)
(0.10000000149011612, 0.13010000197216867)
(0.20000000298023224, 0.13120000198483467)
(0.10000000149011612, 0.13120000198483467)
(0.10000000149011612, 0.1313000019825995)
(0.10000000149011612, 0.13140000198036433)
(0.10000000149011612, 0.13140000198036433)
(0.10000000149011612, 0.13140000198036433)
(0.10000000149011612, 0.13140000198036433)
(0.10000000149011612, 0.13140000198036433)
(0.10000000149011612, 0.13150000197812914)
(0.10000000149011612, 0.13150000197812914)
(0.10000000149011612, 0.13160000197589397)
(0.10000000149011612, 0.13160000197589397)
(0.10000000149011612, 0.13160000197589397)
(0.10000000149011612, 0.13160000197589397)
(0.10000000149011612, 0.13160000197589397)
(0.10000000149011612, 0.13160000197589397)
(0.10000000149011612, 0.13160000197589397)
(0.10000000149011612, 0.1317000019736588)
(0.10000000149011612, 0.1317000019736588)
(0.10000000149011612, 0.1317000019736588)
(0.10000000149011612, 0.1317000019736588)
(0.10000000149011612, 0.1317000019736588)
(0.10000000149011612, 0.1317000019736588)
(0.10000000149011612, 0.1317000019736588)
(0.20000000298023224, 0.13270000198855997)
(0.10000000149011612, 0.13270000198855997)
(0.10000000149011612, 0.13270000198855997)
(0.10000000149011612, 0.13270000198855997)
(0.10000000149011612, 0.13270000198855997)
(0.10000000149011612, 0.13270000198855997)
(0.10000000149011612, 0.13270000198855997)
(0.10000000149011612, 0.13270000198855997)
(0.10000000149011612, 0.1328000019863248)
(0.10000000149011612, 0.1328000019863248)
(0.10000000149011612, 0.1328000019863248)
(0.09000000171363354, 0.13270000198855997)
(0.10000000149011612, 0.13270000198855997)
(0.10000000149011612, 0.13270000198855997)
(0.20000000298023224, 0.13370000200346113)
(0.10000000149011612, 0.13370000200346113)
(0.10000000149011612, 0.13270000198855997)
(0.09000000171363354, 0.13270000198855997)
(0.09000000171363354, 0.12960000194609164)
(0.10000000149011612, 0.12960000194609164)
(0.10000000149011612, 0.12960000194609164)
(0.10000000149011612, 0.12960000194609164)
(0.10000000149011612, 0.12960000194609164)
(0.09000000171363354, 0.12950000194832684)
(0.10000000149011612, 0.12950000194832684)
(0.10000000149011612, 0.12950000194832684)
(0.10000000149011612, 0.12850000193342567)
(0.10000000149011612, 0.1275000019185245)
(0.09000000171363354, 0.12740000192075968)
(0.10000000149011612, 0.12740000192075968)
(0.19000000320374966, 0.128300001937896)
(0.20000000298023224, 0.12930000195279717)
(0.20000000298023224, 0.13030000196769834)
(0.19000000320374966, 0.13120000198483467)
(0.10000000149011612, 0.13120000198483467)
(0.20000000298023224, 0.13220000199973583)
(0.10000000149011612, 0.13120000198483467)
(0.10000000149011612, 0.13120000198483467)
(0.20000000298023224, 0.13220000199973583)
(0.20000000298023224, 0.133200002014637)
(0.10000000149011612, 0.133200002014637)
(0.10000000149011612, 0.133200002014637)
(0.10000000149011612, 0.133200002014637)
(0.10000000149011612, 0.133200002014637)
(0.10000000149011612, 0.133200002014637)
(0.09000000171363354, 0.13310000201687217)
(0.10000000149011612, 0.132100002001971)
(0.10000000149011612, 0.132100002001971)
(0.10000000149011612, 0.132100002001971)
(0.10000000149011612, 0.132100002001971)
(0.10000000149011612, 0.13110000198706984)
(0.20000000298023224, 0.132100002001971)
(0.10000000149011612, 0.132100002001971)
(0.20000000298023224, 0.13310000201687217)
(0.1900000050663948, 0.13400000205263496)
(0.20000000298023224, 0.13400000205263496)
(0.10000000149011612, 0.1330000020377338)
(0.10000000149011612, 0.13200000202283263)
(0.20000000298023224, 0.1330000020377338)
(0.09000000171363354, 0.1319000020250678)
(0.09000000171363354, 0.1288000019825995)
(0.10000000149011612, 0.1288000019825995)
(0.10000000149011612, 0.1288000019825995)
(0.20000000298023224, 0.12980000199750066)
(0.10000000149011612, 0.12980000199750066)
(0.10000000149011612, 0.12790000196546317)
(0.09000000171363354, 0.12680000195279717)
(0.10000000149011612, 0.125800001937896)
(0.19000000320374966, 0.12670000195503234)
(0.09000000171363354, 0.12560000194236637)
(0.10000000149011612, 0.12060000186786056)
(0.20000000298023224, 0.12160000188276171)
(0.09000000171363354, 0.12150000188499689)
(0.09000000171363354, 0.12140000188723206)
(0.10000000149011612, 0.11640000181272626)
(0.19000000320374966, 0.1173000018298626)
(0.10000000149011612, 0.11630000181496143)
(0.09000000171363354, 0.11620000181719661)
(0.10000000149011612, 0.11620000181719661)
(0.10000000149011612, 0.11620000181719661)
(0.4000000059604645, 0.11920000186190009)
(0.30000000447034836, 0.12120000189170241)
(0.10000000149011612, 0.12120000189170241)
(0.10000000149011612, 0.12120000189170241)
(0.09000000171363354, 0.12110000189393759)
(0.10000000149011612, 0.12110000189393759)
(0.30000000447034836, 0.1231000019237399)
(0.10000000149011612, 0.1231000019237399)
(0.10000000149011612, 0.1231000019237399)
(0.10000000149011612, 0.1231000019237399)
(0.10000000149011612, 0.1231000019237399)
(0.20000000298023224, 0.12410000193864107)
(0.10000000149011612, 0.12410000193864107)
(0.10000000149011612, 0.12410000193864107)
(0.10000000149011612, 0.12410000193864107)
(0.19000000320374966, 0.1250000019557774)
(0.10000000149011612, 0.1250000019557774)
(0.10000000149011612, 0.1250000019557774)
(0.09000000171363354, 0.12490000195801258)
(0.10000000149011612, 0.12490000195801258)
(0.10000000149011612, 0.12390000194311142)
(0.20000000298023224, 0.12490000195801258)
(0.10000000149011612, 0.12490000195801258)
(0.10000000149011612, 0.12490000195801258)
(0.10000000149011612, 0.12490000195801258)
(0.19000000320374966, 0.12580000197514893)
(0.10000000149011612, 0.12580000197514893)
(0.10000000149011612, 0.12580000197514893)
(0.20000000298023224, 0.12680000199005007)
(0.10000000149011612, 0.12680000199005007)
(0.10000000149011612, 0.12680000199005007)
(0.10000000149011612, 0.1269000019878149)
(0.10000000149011612, 0.1269000019878149)
(0.09000000171363354, 0.12680000199005007)
(0.10000000149011612, 0.12580000197514893)
(0.10000000149011612, 0.12580000197514893)
(0.10000000149011612, 0.12580000197514893)
(0.10000000149011612, 0.12590000197291373)
(0.10000000149011612, 0.12600000197067857)
(0.10000000149011612, 0.12600000197067857)
(0.10000000149011612, 0.12600000197067857)
(0.10000000149011612, 0.12600000197067857)
(0.09000000171363354, 0.12590000197291373)
(0.10000000149011612, 0.12600000197067857)
(0.10000000149011612, 0.12600000197067857)
(0.10000000149011612, 0.12600000197067857)
(0.10000000149011612, 0.12600000197067857)
(0.10000000149011612, 0.12600000197067857)
(0.20000000298023224, 0.12710000198334456)
(0.10000000149011612, 0.12710000198334456)
(0.10000000149011612, 0.12620000196620823)
(0.10000000149011612, 0.12520000195130707)
(0.10000000149011612, 0.1242000019364059)
(0.10000000149011612, 0.12330000191926956)
(0.10000000149011612, 0.12330000191926956)
(0.10000000149011612, 0.1223000019043684)
(0.10000000149011612, 0.1223000019043684)
(0.4000000059604645, 0.12530000194907187)
(0.10000000149011612, 0.12430000193417072)
(0.10000000149011612, 0.12330000191926956)
(0.10000000149011612, 0.12330000191926956)
(0.20000000298023224, 0.12430000193417072)
(0.10000000149011612, 0.12430000193417072)
(0.10000000149011612, 0.12430000193417072)
(0.20000000298023224, 0.12530000194907187)
(0.10000000149011612, 0.1254000019468367)
(0.10000000149011612, 0.1254000019468367)
(0.20000000298023224, 0.12640000196173787)
(0.10000000149011612, 0.12640000196173787)
(0.10000000149011612, 0.12640000196173787)
(0.10000000149011612, 0.12640000196173787)
(0.19000000320374966, 0.12630000196397304)
(0.10000000149011612, 0.12630000196397304)
(0.10000000149011612, 0.12530000194907187)
(0.10000000149011612, 0.12440000191330909)
(0.10000000149011612, 0.12340000189840794)
(0.20000000298023224, 0.12440000191330909)
(0.10000000149011612, 0.12440000191330909)
(0.10000000149011612, 0.12340000189840794)
(0.20000000298023224, 0.12450000191107392)
(0.10000000149011612, 0.12460000190883874)
(0.10000000149011612, 0.12460000190883874)
(0.10000000149011612, 0.12460000190883874)
(0.20000000298023224, 0.12460000190883874)
(0.30000000447034836, 0.12660000193864107)
(0.20000000298023224, 0.12760000195354224)
(0.10000000149011612, 0.12770000195130707)
(0.9000000134110451, 0.13570000207051636)
(0.10000000149011612, 0.13480000205338002)
(0.10000000149011612, 0.13490000205114483)
(0.20000000298023224, 0.135900002066046)
(0.30000000447034836, 0.13690000208094716)
(0.20000000298023224, 0.13800000209361316)
(0.10000000149011612, 0.13810000209137796)
(0.20000000298023224, 0.13910000210627912)
(0.30000000447034836, 0.14020000211894512)
(1.1000000163912773, 0.15020000226795674)
(1.4000000208616257, 0.16330000245943666)
(0.10000000149011612, 0.16330000245943666)
(0.10000000149011612, 0.16330000245943666)
(0.4000000059604645, 0.16330000245943666)
(0.10000000149011612, 0.16130000242963433)
(0.9000000134110451, 0.16930000254884361)
(0.10000000149011612, 0.16930000254884361)
(0.09000000171363354, 0.16930000254884361)
(0.20000000298023224, 0.17030000256374478)
(0.5000000074505806, 0.1723000025935471)
(0.10000000149011612, 0.1723000025935471)
(0.10000000149011612, 0.1723000025935471)
(0.5000000074505806, 0.17630000265315174)
(0.10000000149011612, 0.17630000265315174)
(0.800000011920929, 0.18230000274255873)
(0.10000000149011612, 0.18230000274255873)
(0.10000000149011612, 0.18230000274255873)
(0.4000000059604645, 0.1853000027872622)
(0.6000000089406967, 0.18940000284463168)
(0.4000000059604645, 0.19240000288933515)
(0.20000000298023224, 0.1934000029042363)
(0.800000011920929, 0.20050000300630927)
(0.5000000074505806, 0.20450000306591393)
(0.0, 0.20350000305101276)
(0.10000000149011612, 0.2025000030361116)
(0.20000000298023224, 0.20350000305101276)
(0.10000000149011612, 0.20350000305101276)
(0.20000000298023224, 0.20450000306591393)
(0.10000000149011612, 0.20360000304877757)
(0.10000000149011612, 0.20360000304877757)
(0.20000000298023224, 0.20460000306367873)
(0.1900000050663948, 0.20450000308454036)
(0.20000000298023224, 0.20550000309944152)
(0.800000011920929, 0.21250000320374965)
(0.20000000298023224, 0.2135000032186508)
(0.4000000059604645, 0.2165000032633543)
(0.10000000149011612, 0.21660000326111914)
(0.20000000298023224, 0.21760000327602028)
(0.30000000447034836, 0.2196000033058226)
(0.800000011920929, 0.22660000341013073)
(0.4000000059604645, 0.22960000345483422)
(0.4000000059604645, 0.23260000349953772)
(0.20000000298023224, 0.23360000351443888)
(1.0000000149011612, 0.2426000036485493)
(0.30000000447034836, 0.24460000367835164)
(1.0000000149011612, 0.2537000038102269)
(1.1000000163912773, 0.26370000395923854)
(0.20000000298023224, 0.2647000039741397)
(0.20000000298023224, 0.26570000398904087)
(2.600000038743019, 0.2907000043615699)
(1.5000000223517418, 0.30470000457018614)
(2.600000038743019, 0.328700004927814)
(2.600000038743019, 0.353700005300343)
(2.3000000342726707, 0.3757000056281686)
(2.600000038743019, 0.4007000060006976)
(2.600000038743019, 0.42570000637322664)
(0.4000000059604645, 0.4287000064179301)
(0.10000000149011612, 0.4287000064179301)
(0.7000000104308128, 0.4347000065073371)
(0.5000000074505806, 0.43870000656694175)
(0.4000000059604645, 0.43870000656694175)
(2.2000000327825546, 0.4597000068798661)
(0.10000000149011612, 0.4597000068798661)
(0.490000007674098, 0.46360000694170594)
(0.20000000298023224, 0.46360000694170594)
(0.5000000074505806, 0.4676000070013106)
(0.4000000059604645, 0.47060000704601407)
(2.500000037252903, 0.49360000738874077)
(0.4000000059604645, 0.49660000743344423)
(2.600000038743019, 0.5216000078059733)
