(0.10000000149011612, 0.10000000149011612)
(0.0, 0.05000000074505806)
(0.0, 0.033333333830038704)
(0.0, 0.02500000037252903)
(0.0, 0.020000000298023225)
(0.0, 0.016666666915019352)
(0.0, 0.014285714498588018)
(0.0, 0.012500000186264515)
(0.0, 0.011111111276679568)
(0.0, 0.010000000149011612)
(0.0, 0.009090909226374193)
(0.0, 0.008333333457509676)
(0.0, 0.007692307806932009)
(0.0, 0.007142857249294009)
(0.0, 0.0066666667660077415)
(0.0, 0.0062500000931322575)
(0.0, 0.00588235302883036)
(0.0, 0.005555555638339784)
(0.0, 0.005263157973164006)
(0.0, 0.005000000074505806)
(0.0, 0.004761904832862672)
(0.0, 0.004545454613187097)
(0.0, 0.004347826151744179)
(0.0, 0.004166666728754838)
(0.0, 0.004000000059604645)
(0.0, 0.0038461539034660044)
(0.0, 0.0037037037588931896)
(0.0, 0.0035714286246470044)
(0.0, 0.00344827591345228)
(0.0, 0.0033333333830038708)
(0.0, 0.0032258064996811653)
(0.0, 0.0031250000465661287)
(0.0, 0.003030303075458064)
(0.0, 0.00294117651441518)
(0.0, 0.0028571428997176034)
(0.0, 0.002777777819169892)
(0.0, 0.002702702742976111)
(0.0, 0.002631578986582003)
(0.0, 0.0025641026023106696)
(0.0, 0.002500000037252903)
(0.0, 0.002439024426588198)
(0.0, 0.002380952416431336)
(0.0, 0.0023255814300027003)
(0.0, 0.0022727273065935483)
(0.0, 0.0022222222553359137)
(0.09000000171363354, 0.004130434852255427)
(0.09000000171363354, 0.0059574469131358125)
(0.0, 0.005833333435778816)
(0.10000000149011612, 0.0077551021715816185)
(0.0, 0.007600000128149986)
(0.0, 0.007450980517794104)
(0.0, 0.007307692430913448)
(0.0, 0.00716981144165093)
(0.0, 0.007037037155694432)
(0.0, 0.006909091025590897)
(0.0, 0.0067857144001339164)
(0.0, 0.006666666779078935)
(0.0, 0.00655172424840516)
(0.0, 0.006440678074703378)
(0.0, 0.0063333334401249886)
(0.0, 0.0062295083017622835)
(0.0, 0.006129032361411279)
(0.0, 0.00603174613345237)
(0.0, 0.005937500100117177)
(0.0, 0.005846153944730759)
(0.0, 0.0057575758546590805)
(0.0, 0.0056716418866790946)
(0.0, 0.005588235388345578)
(0.0, 0.005507246469673903)
(0.0, 0.005428571520107133)
(0.0, 0.005352112766302807)
(0.0, 0.0052777778667708235)
(0.0, 0.005205479539828758)
(0.0, 0.005135135221722964)
(0.0, 0.005066666752099991)
(0.0, 0.005000000084309201)
(0.0, 0.004935065018279212)
(0.0, 0.004871794953942299)
(0.0, 0.004810126663386067)
(0.0, 0.004750000080093741)
(0.0, 0.004691358103796288)
(0.0, 0.00463414641960365)
(0.0, 0.004578313330210835)
(0.0, 0.004523809600089278)
(0.0, 0.004470588310676462)
(0.0, 0.004418604725668597)
(0.0, 0.004367816165603441)
(0.0, 0.00431818189099431)
(0.0, 0.004269662993342689)
(0.0, 0.004222222293416659)
(0.0, 0.004175824246236256)
(0.0, 0.004130434852255427)
(0.0, 0.004086021574274186)
(0.0, 0.004042553259654248)
(0.0, 0.004000000067447361)
(0.0, 0.003958333400078118)
(0.0, 0.00391752583925257)
(0.0, 0.0038775510857908093)
(0.0, 0.003838383903106054)
(0.0, 0.003800000064074993)
(0.0, 0.002800000049173832)
(0.0, 0.002800000049173832)
(0.0, 0.002800000049173832)
(0.0, 0.002800000049173832)
(0.0, 0.002800000049173832)
(0.0, 0.002800000049173832)
(0.0, 0.002800000049173832)
(0.0, 0.002800000049173832)
(0.10000000149011612, 0.003800000064074993)
(0.0, 0.003800000064074993)
(0.0, 0.003800000064074993)
(0.0, 0.003800000064074993)
(0.0, 0.003800000064074993)
(0.0, 0.003800000064074993)
(0.0, 0.003800000064074993)
(0.0, 0.003800000064074993)
(0.0, 0.003800000064074993)
(0.0, 0.003800000064074993)
(0.0, 0.003800000064074993)
(0.0, 0.003800000064074993)
(0.0, 0.003800000064074993)
(0.0, 0.003800000064074993)
(0.0, 0.003800000064074993)
(0.0, 0.003800000064074993)
(0.0, 0.003800000064074993)
(0.0, 0.003800000064074993)
(0.0, 0.003800000064074993)
(0.0, 0.003800000064074993)
(0.0, 0.003800000064074993)
(0.0, 0.003800000064074993)
(0.0, 0.003800000064074993)
(0.0, 0.003800000064074993)
(0.0, 0.003800000064074993)
(0.0, 0.003800000064074993)
(0.09000000171363354, 0.004700000081211329)
(0.09000000171363354, 0.005600000098347664)
(0.0, 0.005600000098347664)
(0.0, 0.005600000098347664)
(0.0, 0.005600000098347664)
(0.0, 0.005600000098347664)
(0.0, 0.005600000098347664)
(0.0, 0.005600000098347664)
(0.0, 0.005600000098347664)
(0.0, 0.005600000098347664)
(0.0, 0.005600000098347664)
(0.0, 0.004700000081211329)
(0.0, 0.003800000064074993)
(0.0, 0.003800000064074993)
(0.0, 0.002800000049173832)
(0.0, 0.002800000049173832)
(0.0, 0.002800000049173832)
(0.0, 0.002800000049173832)
(0.0, 0.002800000049173832)
(0.0, 0.002800000049173832)
(0.0, 0.002800000049173832)
(0.0, 0.002800000049173832)
(0.0, 0.002800000049173832)
(0.0, 0.002800000049173832)
(0.0, 0.002800000049173832)
(0.0, 0.002800000049173832)
(0.0, 0.002800000049173832)
(0.0, 0.002800000049173832)
(0.0, 0.002800000049173832)
(0.0, 0.002800000049173832)
(0.0, 0.002800000049173832)
(0.0, 0.002800000049173832)
(0.0, 0.002800000049173832)
(0.0, 0.002800000049173832)
(0.0, 0.002800000049173832)
(0.0, 0.002800000049173832)
(0.0, 0.002800000049173832)
(0.0, 0.002800000049173832)
(0.0, 0.002800000049173832)
(0.0, 0.002800000049173832)
(0.0, 0.002800000049173832)
(0.0, 0.002800000049173832)
(0.0, 0.002800000049173832)
(0.0, 0.002800000049173832)
(0.0, 0.002800000049173832)
(0.0, 0.002800000049173832)
(0.0, 0.002800000049173832)
(0.0, 0.002800000049173832)
(0.0, 0.002800000049173832)
(0.0, 0.002800000049173832)
(0.0, 0.002800000049173832)
(0.0, 0.002800000049173832)
(0.0, 0.002800000049173832)
(0.0, 0.002800000049173832)
(0.0, 0.002800000049173832)
(0.0, 0.002800000049173832)
(0.0, 0.002800000049173832)
(0.0, 0.002800000049173832)
(0.0, 0.002800000049173832)
(0.0, 0.002800000049173832)
(0.0, 0.002800000049173832)
(0.0, 0.002800000049173832)
(0.0, 0.002800000049173832)
(0.0, 0.002800000049173832)
(0.0, 0.002800000049173832)
(0.0, 0.002800000049173832)
(0.0, 0.002800000049173832)
(0.0, 0.002800000049173832)
(0.0, 0.002800000049173832)
(0.0, 0.002800000049173832)
(0.10000000149011612, 0.003800000064074993)
(0.0, 0.003800000064074993)
(0.0, 0.003800000064074993)
(0.0, 0.003800000064074993)
(0.0, 0.002800000049173832)
(0.0, 0.002800000049173832)
(0.0, 0.002800000049173832)
(0.0, 0.002800000049173832)
(0.0, 0.002800000049173832)
(0.0, 0.002800000049173832)
(0.0, 0.002800000049173832)
(0.0, 0.002800000049173832)
(0.0, 0.002800000049173832)
(0.0, 0.002800000049173832)
(0.10000000149011612, 0.003800000064074993)
(0.09000000171363354, 0.004700000081211329)
(0.10000000149011612, 0.00570000009611249)
(0.10000000149011612, 0.006700000111013651)
(0.09000000171363354, 0.007600000128149986)
(0.10000000149011612, 0.008600000143051147)
(0.10000000149011612, 0.009600000157952308)
(0.09000000171363354, 0.010500000175088644)
(0.10000000149011612, 0.011500000189989805)
(0.0, 0.011500000189989805)
(0.10000000149011612, 0.012500000204890966)
(0.0, 0.012500000204890966)
(0.0, 0.012500000204890966)
(0.10000000149011612, 0.013500000219792127)
(0.10000000149011612, 0.014500000234693288)
(0.10000000149011612, 0.01550000024959445)
(0.10000000149011612, 0.015600000247359276)
(0.0, 0.014700000230222941)
(0.0, 0.014700000230222941)
(0.0, 0.014700000230222941)
(0.0, 0.014700000230222941)
(0.0, 0.014700000230222941)
(0.0, 0.014700000230222941)
(0.0, 0.014700000230222941)
(0.0, 0.014700000230222941)
(0.0, 0.014700000230222941)
(0.0, 0.014700000230222941)
(0.0, 0.014700000230222941)
(0.10000000149011612, 0.0157000002451241)
(0.0, 0.0157000002451241)
(0.10000000149011612, 0.01670000026002526)
(0.10000000149011612, 0.017700000274926422)
(0.10000000149011612, 0.018700000289827587)
(0.10000000149011612, 0.019700000304728748)
(0.0, 0.019700000304728748)
(0.0, 0.019700000304728748)
(0.0, 0.019700000304728748)
(0.0, 0.019700000304728748)
(0.0, 0.019700000304728748)
(0.0, 0.019700000304728748)
(0.0, 0.019700000304728748)
(0.10000000149011612, 0.02070000031962991)
(0.0, 0.02070000031962991)
(0.10000000149011612, 0.02170000033453107)
(0.10000000149011612, 0.02270000034943223)
(0.10000000149011612, 0.023700000364333392)
(0.09000000171363354, 0.024600000381469728)
(0.0, 0.024600000381469728)
(0.09000000171363354, 0.025500000398606063)
(0.09000000171363354, 0.0264000004157424)
(0.10000000149011612, 0.02740000043064356)
(0.09000000171363354, 0.028300000447779895)
(0.10000000149011612, 0.029300000462681056)
(0.10000000149011612, 0.030300000477582217)
(0.10000000149011612, 0.031300000492483375)
(0.09000000171363354, 0.032200000509619714)
(0.10000000149011612, 0.03320000052452087)
(0.09000000171363354, 0.03410000054165721)
(0.0, 0.03410000054165721)
(0.0, 0.03410000054165721)
(0.10000000149011612, 0.03510000055655837)
(0.10000000149011612, 0.03610000057145953)
(0.20000000298023224, 0.038100000601261855)
(0.10000000149011612, 0.03910000061616301)
(0.20000000298023224, 0.041100000645965334)
(0.30000000447034836, 0.04410000069066882)
(0.10000000149011612, 0.045100000705569986)
(0.10000000149011612, 0.04610000072047114)
(0.10000000149011612, 0.04710000073537231)
(0.10000000149011612, 0.048100000750273465)
(0.19000000320374966, 0.05000000078231096)
(0.10000000149011612, 0.051000000797212126)
(0.09000000171363354, 0.05190000081434846)
(0.10000000149011612, 0.05290000082924962)
(0.10000000149011612, 0.05390000084415078)
(0.09000000171363354, 0.05480000086128712)
(0.10000000149011612, 0.05580000087618828)
(0.20000000298023224, 0.0578000009059906)
(0.20000000298023224, 0.05980000093579292)
(0.10000000149011612, 0.060800000950694086)
(0.10000000149011612, 0.06180000096559524)
(0.09000000171363354, 0.06270000098273158)
(0.10000000149011612, 0.06370000099763275)
(0.10000000149011612, 0.0647000010125339)
(0.09000000171363354, 0.06560000102967024)
(0.10000000149011612, 0.0666000010445714)
(0.10000000149011612, 0.0666000010445714)
(0.10000000149011612, 0.06760000105947256)
(0.3900000061839819, 0.07150000112131238)
(0.09000000171363354, 0.07240000113844872)
(0.09000000171363354, 0.07330000115558505)
(0.20000000298023224, 0.07530000118538738)
(0.10000000149011612, 0.07630000120028853)
(0.10000000149011612, 0.07730000121518969)
(0.20000000298023224, 0.07930000124499202)
(0.30000000447034836, 0.0823000012896955)
(0.10000000149011612, 0.08330000130459667)
(0.20000000298023224, 0.08530000133439898)
(0.10000000149011612, 0.08630000134930015)
(0.30000000447034836, 0.08930000139400363)
(0.20000000298023224, 0.09030000140890479)
(0.19000000320374966, 0.09130000142380595)
(0.20000000298023224, 0.09230000143870712)
(0.10000000149011612, 0.09230000143870712)
(0.10000000149011612, 0.09240000143647194)
(0.10000000149011612, 0.09240000143647194)
(0.19000000320374966, 0.09330000145360827)
(0.09000000171363354, 0.09330000145360827)
(0.20000000298023224, 0.09430000146850943)
(0.10000000149011612, 0.0953000014834106)
(0.10000000149011612, 0.0953000014834106)
(0.10000000149011612, 0.09630000149831176)
(0.10000000149011612, 0.09730000151321291)
(0.10000000149011612, 0.09730000151321291)
(0.09000000171363354, 0.0972000015154481)
(0.10000000149011612, 0.0972000015154481)
(0.10000000149011612, 0.0972000015154481)
(0.10000000149011612, 0.09820000153034926)
(0.10000000149011612, 0.09920000154525041)
(0.30000000447034836, 0.1022000015899539)
(0.10000000149011612, 0.10320000160485505)
(0.10000000149011612, 0.10420000161975622)
(0.10000000149011612, 0.10520000163465738)
(0.09000000171363354, 0.10610000165179372)
(0.10000000149011612, 0.10710000166669488)
(0.10000000149011612, 0.10810000168159604)
(0.10000000149011612, 0.1091000016964972)
(0.09000000171363354, 0.11000000171363354)
(0.09000000171363354, 0.10990000171586871)
(0.09000000171363354, 0.11080000173300504)
(0.09000000171363354, 0.11070000173524022)
(0.10000000149011612, 0.11070000173524022)
(0.10000000149011612, 0.11070000173524022)
(0.10000000149011612, 0.11070000173524022)
(0.10000000149011612, 0.11170000175014139)
(0.10000000149011612, 0.11270000176504254)
(0.10000000149011612, 0.1137000017799437)
(0.09000000171363354, 0.11460000179708003)
(0.30000000447034836, 0.11760000184178353)
(0.10000000149011612, 0.11860000185668468)
(0.10000000149011612, 0.11960000187158584)
(0.10000000149011612, 0.11960000187158584)
(0.09000000171363354, 0.12050000188872217)
(0.09000000171363354, 0.12040000189095736)
(0.10000000149011612, 0.12040000189095736)
(0.4000000059604645, 0.12340000193566084)
(0.20000000298023224, 0.12450000194832683)
(0.10000000149011612, 0.125500001963228)
(0.10000000149011612, 0.1256000019609928)
(1.0000000149011612, 0.1347000020928681)
(0.4000000059604645, 0.13770000213757158)
(0.10000000149011612, 0.13780000213533639)
(0.10000000149011612, 0.13780000213533639)
(0.20000000298023224, 0.13880000215023755)
(0.10000000149011612, 0.13880000215023755)
(0.10000000149011612, 0.13890000214800238)
(0.10000000149011612, 0.13890000214800238)
(0.20000000298023224, 0.14000000216066838)
(0.30000000447034836, 0.14300000220537185)
(0.10000000149011612, 0.144000002220273)
(0.10000000149011612, 0.144000002220273)
(2.600000038743019, 0.16900000259280204)
(0.0, 0.16700000256299974)
(0.20000000298023224, 0.16800000257790088)
(0.10000000149011612, 0.16700000256299974)
(2.600000038743019, 0.19000000290572644)
(0.0, 0.18900000289082527)
(2.600000038743019, 0.2140000032633543)
(2.7000000402331352, 0.2400000036507845)
(0.0, 0.23900000363588333)
(2.600000038743019, 0.26310000399127603)
(0.0, 0.26210000397637484)
(2.600000038743019, 0.2872000043466687)
(0.10000000149011612, 0.2872000043466687)
(0.6000000089406967, 0.29220000442117455)
(0.7000000104308128, 0.2983000045083463)
(2.600000038743019, 0.32330000488087535)
(0.10000000149011612, 0.3223000048659742)
(0.9000000134110451, 0.32930000497028233)
(0.10000000149011612, 0.32930000497028233)
(0.10000000149011612, 0.32930000497028233)
(0.10000000149011612, 0.32940000496804717)
(0.4000000059604645, 0.33240000501275063)
(0.30000000447034836, 0.33440000504255296)
(0.5000000074505806, 0.3385000050999224)
(2.600000038743019, 0.3635000054724514)
(1.600000023841858, 0.37850000569596887)
(2.600000038743019, 0.4035000060684979)
(2.600000038743019, 0.4256000063940883)
(0.20000000298023224, 0.42670000640675426)
(1.4000000208616257, 0.43980000659823415)
(0.09000000171363354, 0.4387000065855682)
(0.10000000149011612, 0.4387000065855682)
(0.09000000171363354, 0.43860000658780335)
(0.10000000149011612, 0.4376000065729022)
(0.10000000149011612, 0.4356000065430999)
(0.09000000171363354, 0.43550000654533505)
(0.10000000149011612, 0.4345000065304339)
(0.09000000171363354, 0.4344000065326691)
(0.09000000171363354, 0.4323000065051019)
(0.09000000171363354, 0.43120000649243595)
(0.10000000149011612, 0.4303000064752996)
(0.10000000149011612, 0.42930000646039845)
(0.09000000171363354, 0.4292000064626336)
(0.10000000149011612, 0.4292000064626336)
(1.5000000223517418, 0.44320000667124987)
(2.600000038743019, 0.46730000702664254)
(2.600000038743019, 0.4924000073969364)
(2.600000038743019, 0.5164000077545643)
