(0.09000000357627869, 0.09000000357627869)
(0.0, 0.04500000178813934)
(0.0, 0.030000001192092896)
(0.0, 0.02250000089406967)
(0.0, 0.01800000071525574)
(0.0, 0.015000000596046448)
(0.0, 0.012857143368039812)
(0.0, 0.011250000447034836)
(0.0, 0.010000000397364298)
(0.0, 0.00900000035762787)
(0.0, 0.008181818506934425)
(0.0, 0.007500000298023224)
(0.0, 0.006923077198175283)
(0.0, 0.006428571684019906)
(0.0, 0.006000000238418579)
(0.0, 0.005625000223517418)
(0.0, 0.005294117857428158)
(0.0, 0.005000000198682149)
(0.0, 0.004736842293488352)
(0.0, 0.004500000178813935)
(0.0, 0.004285714456013271)
(0.0, 0.004090909253467213)
(0.0, 0.003913043633751247)
(0.0, 0.003750000149011612)
(0.0, 0.0036000001430511477)
(0.0, 0.0034615385990876416)
(0.0, 0.0033333334657880995)
(0.0, 0.003214285842009953)
(0.0, 0.0031034483991820238)
(0.0, 0.0030000001192092896)
(0.0, 0.0029032259218154414)
(0.0, 0.002812500111758709)
(0.0, 0.0027272728356448088)
(0.0, 0.002647058928714079)
(0.0, 0.0025714286736079625)
(0.0, 0.0025000000993410745)
(0.0, 0.002432432529088613)
(0.0, 0.002368421146744176)
(0.0, 0.002307692399391761)
(0.0, 0.0022500000894069673)
(0.0, 0.0021951220384458215)
(0.0, 0.0021428572280066355)
(0.0, 0.0020930233389832254)
(0.0, 0.0020454546267336064)
(0.0, 0.0020000000794728598)
(0.0, 0.0019565218168756237)
(0.0, 0.0019148936931123125)
(0.0, 0.001875000074505806)
(0.0, 0.0018367347668628304)
(0.0, 0.0018000000715255738)
(0.0, 0.0017647059524760528)
(0.0, 0.0017307692995438208)
(0.0, 0.001698113275024126)
(0.0, 0.0016666667328940497)
(0.0, 0.0016363637013868853)
(0.0, 0.0016071429210049765)
(0.0, 0.001578947431162784)
(0.0, 0.0015517241995910119)
(0.0, 0.0015254237894284522)
(0.0, 0.0015000000596046448)
(0.0, 0.0014754098946930933)
(0.0, 0.0014516129609077207)
(0.0, 0.001428571485337757)
(0.0, 0.0014062500558793545)
(0.0, 0.0013846154396350567)
(0.0, 0.0013636364178224044)
(0.0, 0.001343283635466846)
(0.0, 0.0013235294643570395)
(0.0, 0.0013043478779170823)
(0.0, 0.0012857143368039813)
(0.0, 0.0012676056841729392)
(0.0, 0.0012500000496705372)
(0.0, 0.0012328767613188861)
(0.0, 0.0012162162645443066)
(0.0, 0.0012000000476837158)
(0.0, 0.001184210573372088)
(0.0, 0.0011688312152763466)
(0.0, 0.0011538461996958805)
(0.0, 0.0011392405515984643)
(0.0, 0.0011250000447034837)
(0.0, 0.0011111111552626997)
(0.0, 0.0010975610192229107)
(0.0, 0.0010843373924852855)
(0.0, 0.0010714286140033177)
(0.0, 0.0010588235714856316)
(0.0, 0.0010465116694916127)
(0.0, 0.0010344827997273412)
(0.0, 0.0010227273133668032)
(0.0, 0.0010112359952390863)
(0.0, 0.0010000000397364299)
(0.0, 0.0009890110283107547)
(0.0, 0.0009782609084378118)
(0.0, 0.0009677419739384805)
(0.0, 0.0009574468465561563)
(0.0, 0.0009473684586976704)
(0.0, 0.000937500037252903)
(0.0, 0.0009278350884152442)
(0.0, 0.0009183673834314152)
(0.0, 0.0009090909452149363)
(0.0, 0.0009000000357627869)
(0.0, 0.0)
(0.0, 0.0)
(0.0, 0.0)
(0.0, 0.0)
(0.0, 0.0)
(0.0, 0.0)
(0.0, 0.0)
(0.0, 0.0)
(0.0, 0.0)
(0.0, 0.0)
(0.0, 0.0)
(0.0, 0.0)
(0.0, 0.0)
(0.0, 0.0)
(0.0, 0.0)
(0.0, 0.0)
(0.0, 0.0)
(0.0, 0.0)
(0.0, 0.0)
(0.0, 0.0)
(0.0, 0.0)
(0.0, 0.0)
(0.0, 0.0)
(0.0, 0.0)
(0.0, 0.0)
(0.0, 0.0)
(0.0, 0.0)
(0.0, 0.0)
(0.0, 0.0)
(0.0, 0.0)
(0.0, 0.0)
(0.0, 0.0)
(0.0, 0.0)
(0.0, 0.0)
(0.0, 0.0)
(0.0, 0.0)
(0.0, 0.0)
(0.0, 0.0)
(0.0, 0.0)
(0.0, 0.0)
(0.0, 0.0)
(0.0, 0.0)
(0.0, 0.0)
(0.0, 0.0)
(0.0, 0.0)
(0.0, 0.0)
(0.0, 0.0)
(0.0, 0.0)
(0.0, 0.0)
(0.0, 0.0)
(0.0, 0.0)
(0.0, 0.0)
(0.0, 0.0)
(0.0, 0.0)
(0.0, 0.0)
(0.0, 0.0)
(0.0, 0.0)
(0.0, 0.0)
(0.0, 0.0)
(0.0, 0.0)
(0.0, 0.0)
(0.0, 0.0)
(0.0, 0.0)
(0.0, 0.0)
(0.0, 0.0)
(0.0, 0.0)
(0.0, 0.0)
(0.0, 0.0)
(0.0, 0.0)
(0.0, 0.0)
(0.0, 0.0)
(0.0, 0.0)
(0.0, 0.0)
(0.0, 0.0)
(0.0, 0.0)
(0.0, 0.0)
(0.0, 0.0)
(0.0, 0.0)
(0.0, 0.0)
(0.0, 0.0)
(0.0, 0.0)
(0.0, 0.0)
(0.0, 0.0)
(0.0, 0.0)
(0.0, 0.0)
(0.0, 0.0)
(0.0, 0.0)
(0.0, 0.0)
(0.0, 0.0)
(0.0, 0.0)
(0.0, 0.0)
(0.0, 0.0)
(0.0, 0.0)
(0.0, 0.0)
(0.0, 0.0)
(0.0, 0.0)
(0.0, 0.0)
(0.0, 0.0)
(0.0, 0.0)
(0.0, 0.0)
(0.0, 0.0)
(0.0, 0.0)
(0.0, 0.0)
(0.0, 0.0)
(0.0, 0.0)
(0.0, 0.0)
(0.0, 0.0)
(0.0, 0.0)
(0.0, 0.0)
(0.0, 0.0)
(0.0, 0.0)
(0.0, 0.0)
(0.0, 0.0)
(0.0, 0.0)
(0.0, 0.0)
(0.0, 0.0)
(0.0, 0.0)
(0.0, 0.0)
(0.0, 0.0)
(0.0, 0.0)
(0.0, 0.0)
(0.0, 0.0)
(0.0, 0.0)
(0.0, 0.0)
(0.0, 0.0)
(0.0, 0.0)
(0.0, 0.0)
(0.0, 0.0)
(0.0, 0.0)
(0.0, 0.0)
(0.0, 0.0)
(0.0, 0.0)
(0.0, 0.0)
(0.0, 0.0)
(0.0, 0.0)
(0.0, 0.0)
(0.0, 0.0)
(0.0, 0.0)
(0.0, 0.0)
(0.0, 0.0)
(0.0, 0.0)
(0.0, 0.0)
(0.0, 0.0)
(0.0, 0.0)
(0.0, 0.0)
(0.0, 0.0)
(0.0, 0.0)
(0.0, 0.0)
(0.0, 0.0)
(0.0, 0.0)
(0.0, 0.0)
(0.0, 0.0)
(0.0, 0.0)
(0.0, 0.0)
(0.0, 0.0)
(0.0, 0.0)
(0.0, 0.0)
(0.0, 0.0)
(0.0, 0.0)
(0.0, 0.0)
(0.0, 0.0)
(0.0, 0.0)
(0.0, 0.0)
(0.0, 0.0)
(0.0, 0.0)
(0.0, 0.0)
(0.0, 0.0)
(0.0, 0.0)
(0.0, 0.0)
(0.0, 0.0)
(0.0, 0.0)
(0.0, 0.0)
(0.0, 0.0)
(0.0, 0.0)
(0.0, 0.0)
(0.0, 0.0)
(0.0, 0.0)
(0.0, 0.0)
(0.0, 0.0)
(0.0, 0.0)
(0.0, 0.0)
(0.0, 0.0)
(0.0, 0.0)
(0.0, 0.0)
(0.0, 0.0)
(0.0, 0.0)
(0.0, 0.0)
(0.0, 0.0)
(0.0, 0.0)
(0.0, 0.0)
(0.0, 0.0)
(0.0, 0.0)
(0.0, 0.0)
(0.0, 0.0)
(0.0, 0.0)
(0.0, 0.0)
(0.0, 0.0)
(0.0, 0.0)
(0.0, 0.0)
(0.0, 0.0)
(0.0, 0.0)
(0.0, 0.0)
(0.0, 0.0)
(0.0, 0.0)
(0.0, 0.0)
(0.0, 0.0)
(0.0, 0.0)
(0.0, 0.0)
(0.0, 0.0)
(0.0, 0.0)
(0.0, 0.0)
(0.0, 0.0)
(0.0, 0.0)
(0.0, 0.0)
(0.0, 0.0)
(0.0, 0.0)
(0.0, 0.0)
(0.0, 0.0)
(0.0, 0.0)
(0.0, 0.0)
(0.0, 0.0)
(0.0, 0.0)
(0.0, 0.0)
(0.0, 0.0)
(0.0, 0.0)
(0.0, 0.0)
(0.0, 0.0)
(0.0, 0.0)
(0.0, 0.0)
(0.0, 0.0)
(0.10000000149011612, 0.0010000000149011613)
(0.0, 0.0010000000149011613)
(0.0, 0.0010000000149011613)
(0.0, 0.0010000000149011613)
(0.0, 0.0010000000149011613)
(0.0, 0.0010000000149011613)
(0.0, 0.0010000000149011613)
(0.0, 0.0010000000149011613)
(0.0, 0.0010000000149011613)
(0.0, 0.0010000000149011613)
(0.0, 0.0010000000149011613)
(0.0, 0.0010000000149011613)
(0.0, 0.0010000000149011613)
(0.0, 0.0010000000149011613)
(0.0, 0.0010000000149011613)
(0.0, 0.0010000000149011613)
(0.10000000149011612, 0.0020000000298023225)
(0.0, 0.0020000000298023225)
(0.0, 0.0020000000298023225)
(0.10000000149011612, 0.0030000000447034836)
(0.10000000149011612, 0.004000000059604645)
(0.0, 0.004000000059604645)
(0.0, 0.004000000059604645)
(0.0, 0.004000000059604645)
(0.0, 0.004000000059604645)
(0.0, 0.004000000059604645)
(0.0, 0.004000000059604645)
(0.0, 0.004000000059604645)
(0.0, 0.004000000059604645)
(0.0, 0.004000000059604645)
(0.0, 0.004000000059604645)
(0.0, 0.004000000059604645)
(0.0, 0.004000000059604645)
(0.0, 0.004000000059604645)
(0.0, 0.004000000059604645)
(0.0, 0.004000000059604645)
(0.0, 0.004000000059604645)
(0.0, 0.004000000059604645)
(0.0, 0.004000000059604645)
(0.0, 0.004000000059604645)
(0.0, 0.004000000059604645)
(0.0, 0.004000000059604645)
(0.0, 0.004000000059604645)
(0.0, 0.004000000059604645)
(0.0, 0.004000000059604645)
(0.0, 0.004000000059604645)
(0.0, 0.004000000059604645)
(0.0, 0.004000000059604645)
(0.0, 0.004000000059604645)
(0.0, 0.004000000059604645)
(0.0, 0.004000000059604645)
(0.0, 0.004000000059604645)
(0.0, 0.004000000059604645)
(0.0, 0.004000000059604645)
(0.0, 0.004000000059604645)
(0.0, 0.004000000059604645)
(0.0, 0.004000000059604645)
(0.0, 0.004000000059604645)
(0.0, 0.004000000059604645)
(0.0, 0.004000000059604645)
(0.0, 0.004000000059604645)
(0.0, 0.004000000059604645)
(0.0, 0.004000000059604645)
(0.0, 0.004000000059604645)
(0.0, 0.004000000059604645)
(0.0, 0.004000000059604645)
(0.0, 0.004000000059604645)
(0.0, 0.004000000059604645)
(0.0, 0.004000000059604645)
(0.0, 0.004000000059604645)
(0.0, 0.004000000059604645)
(0.0, 0.004000000059604645)
(0.0, 0.004000000059604645)
(0.0, 0.004000000059604645)
(0.0, 0.004000000059604645)
(0.0, 0.004000000059604645)
(0.0, 0.004000000059604645)
(0.0, 0.004000000059604645)
(0.0, 0.004000000059604645)
(0.0, 0.004000000059604645)
(0.0, 0.004000000059604645)
(0.0, 0.004000000059604645)
(0.0, 0.004000000059604645)
(0.0, 0.004000000059604645)
(0.0, 0.004000000059604645)
(0.0, 0.004000000059604645)
(0.0, 0.004000000059604645)
(0.0, 0.004000000059604645)
(0.0, 0.004000000059604645)
(0.0, 0.004000000059604645)
(0.0, 0.004000000059604645)
(0.0, 0.004000000059604645)
(0.0, 0.004000000059604645)
(0.0, 0.004000000059604645)
(0.0, 0.004000000059604645)
(0.0, 0.004000000059604645)
(0.0, 0.004000000059604645)
(0.0, 0.004000000059604645)
(0.0, 0.004000000059604645)
(0.0, 0.004000000059604645)
(0.0, 0.0030000000447034836)
(0.0, 0.0030000000447034836)
(0.0, 0.0030000000447034836)
(0.0, 0.0030000000447034836)
(0.0, 0.0030000000447034836)
(0.0, 0.0030000000447034836)
(0.0, 0.0030000000447034836)
(0.0, 0.0030000000447034836)
(0.0, 0.0030000000447034836)
(0.0, 0.0030000000447034836)
(0.0, 0.0030000000447034836)
(0.0, 0.0030000000447034836)
(0.0, 0.0030000000447034836)
(0.0, 0.0030000000447034836)
(0.0, 0.0030000000447034836)
(0.0, 0.0030000000447034836)
(0.0, 0.0020000000298023225)
(0.0, 0.0020000000298023225)
(0.0, 0.0020000000298023225)
(0.0, 0.0010000000149011613)
(0.0, 0.0)
(0.0, 0.0)
(0.0, 0.0)
(0.0, 0.0)
(0.0, 0.0)
(0.0, 0.0)
(0.0, 0.0)
(0.0, 0.0)
(0.0, 0.0)
(0.0, 0.0)
(0.0, 0.0)
(0.0, 0.0)
(0.0, 0.0)
(0.0, 0.0)
(0.0, 0.0)
(0.0, 0.0)
(0.0, 0.0)
(0.0, 0.0)
(0.0, 0.0)
(0.0, 0.0)
(0.0, 0.0)
(0.0, 0.0)
(0.0, 0.0)
(0.0, 0.0)
(0.0, 0.0)
(0.0, 0.0)
(0.0, 0.0)
(0.0, 0.0)
(0.0, 0.0)
(0.0, 0.0)
(0.0, 0.0)
(0.0, 0.0)
(0.0, 0.0)
(0.0, 0.0)
(0.0, 0.0)
(0.0, 0.0)
(0.0, 0.0)
(0.0, 0.0)
(0.0, 0.0)
(0.0, 0.0)
(0.0, 0.0)
(0.0, 0.0)
(0.0, 0.0)
(0.0, 0.0)
(0.0, 0.0)
(0.0, 0.0)
(0.0, 0.0)
(0.0, 0.0)
(0.0, 0.0)
(0.0, 0.0)
(0.0, 0.0)
(0.0, 0.0)
(0.0, 0.0)
(0.0, 0.0)
(0.0, 0.0)
(0.0, 0.0)
(0.0, 0.0)
(0.0, 0.0)
(0.0, 0.0)
(0.0, 0.0)
(0.0, 0.0)
(0.0, 0.0)
(0.0, 0.0)
(0.0, 0.0)
(0.0, 0.0)
(0.0, 0.0)
(0.0, 0.0)
(0.0, 0.0)
(0.0, 0.0)
(0.0, 0.0)
(0.0, 0.0)
(0.0, 0.0)
(0.10000000149011612, 0.0010000000149011613)
(0.0, 0.0010000000149011613)
(0.0, 0.0010000000149011613)
(0.0, 0.0010000000149011613)
(0.0, 0.0010000000149011613)
(0.10000000149011612, 0.0020000000298023225)
(0.10000000149011612, 0.0030000000447034836)
(0.10000000149011612, 0.004000000059604645)
(0.10000000149011612, 0.005000000074505806)
(0.10000000149011612, 0.006000000089406967)
(0.0, 0.006000000089406967)
(0.0, 0.006000000089406967)
(0.0, 0.006000000089406967)
(0.0, 0.006000000089406967)
(0.20000000298023224, 0.00800000011920929)
(0.20000000298023224, 0.010000000149011612)
(0.10000000149011612, 0.011000000163912773)
(0.10000000149011612, 0.012000000178813934)
(0.10000000149011612, 0.013000000193715095)
(0.20000000298023224, 0.015000000223517418)
(0.10000000149011612, 0.01600000023841858)
(0.10000000149011612, 0.01700000025331974)
(0.0, 0.01700000025331974)
(0.10000000149011612, 0.018000000268220902)
(0.20000000298023224, 0.020000000298023225)
(0.10000000149011612, 0.021000000312924386)
(0.10000000149011612, 0.022000000327825547)
(0.0, 0.022000000327825547)
(0.0, 0.022000000327825547)
(0.0, 0.022000000327825547)
(0.10000000149011612, 0.023000000342726708)
(0.10000000149011612, 0.02400000035762787)
(0.09000000171363354, 0.024900000374764204)
(0.10000000149011612, 0.025900000389665365)
(0.10000000149011612, 0.026900000404566526)
(0.10000000149011612, 0.027900000419467687)
(0.10000000149011612, 0.02890000043436885)
(0.10000000149011612, 0.02990000044927001)
(0.10000000149011612, 0.03090000046417117)
(0.09000000171363354, 0.03180000048130751)
(0.10000000149011612, 0.03280000049620867)
(0.10000000149011612, 0.03380000051110983)
(0.10000000149011612, 0.03480000052601099)
(0.10000000149011612, 0.035800000540912154)
(0.10000000149011612, 0.03680000055581331)
(0.10000000149011612, 0.037800000570714476)
(0.09000000171363354, 0.03870000058785081)
(0.10000000149011612, 0.03970000060275197)
(0.0, 0.03970000060275197)
(0.10000000149011612, 0.04070000061765313)
(0.0, 0.04070000061765313)
(0.10000000149011612, 0.041700000632554295)
(0.09000000171363354, 0.04260000064969063)
(0.10000000149011612, 0.04360000066459179)
(0.10000000149011612, 0.04460000067949295)
(0.10000000149011612, 0.04560000069439411)
(0.10000000149011612, 0.04660000070929527)
(0.10000000149011612, 0.047600000724196435)
(0.0, 0.047600000724196435)
(0.10000000149011612, 0.04860000073909759)
(0.10000000149011612, 0.04960000075399876)
(0.10000000149011612, 0.050600000768899915)
(0.10000000149011612, 0.05160000078380108)
(0.10000000149011612, 0.05260000079870224)
(0.10000000149011612, 0.0536000008136034)
(0.10000000149011612, 0.05460000082850456)
(0.10000000149011612, 0.055600000843405724)
(0.10000000149011612, 0.05660000085830688)
(0.10000000149011612, 0.057600000873208046)
(0.10000000149011612, 0.05860000088810921)
(0.2900000046938658, 0.061500000935047865)
(0.10000000149011612, 0.06250000094994902)
(0.10000000149011612, 0.06350000096485019)
(0.10000000149011612, 0.06450000097975135)
(0.10000000149011612, 0.06550000099465252)
(0.10000000149011612, 0.06650000100955367)
(0.10000000149011612, 0.06750000102445483)
(0.10000000149011612, 0.068500001039356)
(0.10000000149011612, 0.06950000105425716)
(0.10000000149011612, 0.07050000106915831)
(0.10000000149011612, 0.07150000108405948)
(0.10000000149011612, 0.07250000109896064)
(0.10000000149011612, 0.0735000011138618)
(0.10000000149011612, 0.07450000112876295)
(0.10000000149011612, 0.07550000114366412)
(0.10000000149011612, 0.07650000115856528)
(0.10000000149011612, 0.07750000117346645)
(0.20000000298023224, 0.07950000120326876)
(0.10000000149011612, 0.08050000121816993)
(0.10000000149011612, 0.08150000123307109)
(0.10000000149011612, 0.08250000124797224)
(0.10000000149011612, 0.08350000126287341)
(0.10000000149011612, 0.08450000127777457)
(0.10000000149011612, 0.08550000129267574)
(0.10000000149011612, 0.0865000013075769)
(0.10000000149011612, 0.08750000132247805)
(0.10000000149011612, 0.08850000133737922)
(0.10000000149011612, 0.08950000135228038)
(0.30000000447034836, 0.09250000139698386)
(0.20000000298023224, 0.09450000142678619)
(0.10000000149011612, 0.09450000142678619)
(0.10000000149011612, 0.09550000144168734)
(0.10000000149011612, 0.0965000014565885)
(0.0, 0.0965000014565885)
(0.10000000149011612, 0.09750000147148967)
(0.20000000298023224, 0.09850000148639083)
(0.10000000149011612, 0.09850000148639083)
(0.20000000298023224, 0.09950000150129198)
(0.10000000149011612, 0.09950000150129198)
(0.19000000320374966, 0.10040000151842833)
(0.20000000298023224, 0.10240000154823065)
(0.10000000149011612, 0.10340000156313181)
(0.30000000447034836, 0.10640000160783529)
(0.10000000149011612, 0.10740000162273645)
(0.09000000171363354, 0.10630000161007047)
(0.20000000298023224, 0.10630000161007047)
(0.19000000320374966, 0.1072000016272068)
(0.09000000171363354, 0.10710000162944197)
(0.20000000298023224, 0.10810000164434314)
(0.10000000149011612, 0.10710000162944197)
(0.19000000320374966, 0.10800000164657832)
(0.10000000149011612, 0.10800000164657832)
(0.10000000149011612, 0.10900000166147947)
(0.10000000149011612, 0.10900000166147947)
(0.19000000320374966, 0.10890000166371465)
(0.10000000149011612, 0.10890000166371465)
(0.10000000149011612, 0.10890000166371465)
(0.10000000149011612, 0.10990000167861581)
(0.10000000149011612, 0.11090000169351696)
(0.19000000320374966, 0.11280000172555446)
(0.19000000320374966, 0.1137000017426908)
(0.19000000320374966, 0.11460000175982714)
(0.10000000149011612, 0.11470000175759196)
(0.19000000320374966, 0.1156000017747283)
(0.10000000149011612, 0.1156000017747283)
(0.19000000320374966, 0.11650000179186464)
(0.20000000298023224, 0.1175000018067658)
(0.20000000298023224, 0.11850000182166695)
(0.20000000298023224, 0.11950000183656811)
(0.09000000171363354, 0.11950000183656811)
(0.19000000320374966, 0.12040000185370445)
(0.10000000149011612, 0.12040000185370445)
(0.10000000149011612, 0.12040000185370445)
(0.09000000171363354, 0.12030000185593963)
(0.09000000171363354, 0.1202000018581748)
(0.20000000298023224, 0.12120000187307596)
(0.10000000149011612, 0.12130000187084079)
(0.10000000149011612, 0.12130000187084079)
(0.10000000149011612, 0.12230000188574194)
(0.19000000320374966, 0.12320000190287829)
(0.09000000171363354, 0.12410000192001462)
(0.10000000149011612, 0.12410000192001462)
(0.10000000149011612, 0.12420000191777944)
(0.10000000149011612, 0.12420000191777944)
(0.10000000149011612, 0.12420000191777944)
(0.10000000149011612, 0.12420000191777944)
(0.10000000149011612, 0.12420000191777944)
(0.10000000149011612, 0.12420000191777944)
(0.10000000149011612, 0.1252000019326806)
(0.10000000149011612, 0.1252000019326806)
(0.10000000149011612, 0.1252000019326806)
(0.10000000149011612, 0.1252000019326806)
(0.10000000149011612, 0.1252000019326806)
(0.19000000320374966, 0.12610000194981694)
(0.20000000298023224, 0.1271000019647181)
(0.20000000298023224, 0.12810000197961927)
(0.10000000149011612, 0.12810000197961927)
(0.20000000298023224, 0.12910000199452043)
(0.10000000149011612, 0.12910000199452043)
(0.10000000149011612, 0.12910000199452043)
(0.10000000149011612, 0.12720000196248293)
(0.10000000149011612, 0.12720000196248293)
(0.20000000298023224, 0.1282000019773841)
(0.10000000149011612, 0.1282000019773841)
(0.10000000149011612, 0.1282000019773841)
(0.10000000149011612, 0.1282000019773841)
(0.10000000149011612, 0.1282000019773841)
(0.10000000149011612, 0.1282000019773841)
(0.10000000149011612, 0.1282000019773841)
(0.10000000149011612, 0.1282000019773841)
(0.10000000149011612, 0.1282000019773841)
(0.19000000320374966, 0.12910000199452043)
(0.10000000149011612, 0.12910000199452043)
(0.10000000149011612, 0.12910000199452043)
(0.2900000046938658, 0.13100000202655793)
(0.10000000149011612, 0.13100000202655793)
(0.19000000320374966, 0.13190000204369426)
(0.10000000149011612, 0.1309000020287931)
(0.10000000149011612, 0.1309000020287931)
(0.10000000149011612, 0.1309000020287931)
(0.10000000149011612, 0.1309000020287931)
(0.20000000298023224, 0.13190000204369426)
(0.10000000149011612, 0.13190000204369426)
(0.10000000149011612, 0.13190000204369426)
(0.10000000149011612, 0.13190000204369426)
(0.10000000149011612, 0.13190000204369426)
(0.10000000149011612, 0.13190000204369426)
(0.10000000149011612, 0.13190000204369426)
(0.10000000149011612, 0.12990000201389193)
(0.10000000149011612, 0.12890000199899077)
(0.10000000149011612, 0.12890000199899077)
(0.19000000320374966, 0.1298000020161271)
(0.10000000149011612, 0.1298000020161271)
(0.19000000320374966, 0.1317000020481646)
(0.30000000447034836, 0.13370000207796692)
(0.20000000298023224, 0.13370000207796692)
(0.20000000298023224, 0.1347000020928681)
(0.19000000320374966, 0.13460000209510325)
(0.10000000149011612, 0.13460000209510325)
(0.10000000149011612, 0.13370000207796692)
(0.19000000320374966, 0.1336000020802021)
(0.20000000298023224, 0.13460000209510325)
(0.19000000320374966, 0.13350000208243729)
(0.10000000149011612, 0.13350000208243729)
(0.20000000298023224, 0.13460000209510325)
(0.20000000298023224, 0.13460000209510325)
(0.19000000320374966, 0.13460000209510325)
(0.10000000149011612, 0.1347000020928681)
(0.10000000149011612, 0.13370000207796692)
(0.10000000149011612, 0.13370000207796692)
(0.19000000320374966, 0.13370000207796692)
(0.20000000298023224, 0.1347000020928681)
(0.19000000320374966, 0.13560000211000442)
(0.4000000059604645, 0.1386000021547079)
(0.10000000149011612, 0.13770000213757158)
(0.10000000149011612, 0.13770000213757158)
(0.20000000298023224, 0.13870000215247275)
(0.19000000320374966, 0.13960000216960908)
(0.10000000149011612, 0.13960000216960908)
(0.10000000149011612, 0.13870000215247275)
(0.19000000320374966, 0.13870000215247275)
(0.5000000074505806, 0.14180000219494104)
(0.10000000149011612, 0.14180000219494104)
(0.20000000298023224, 0.14190000219270588)
(0.10000000149011612, 0.14190000219270588)
(0.20000000298023224, 0.1420000021904707)
(0.10000000149011612, 0.14100000217556954)
(0.30000000447034836, 0.1420000021904707)
(0.10000000149011612, 0.14100000217556954)
(0.30000000447034836, 0.14310000220313668)
(0.20000000298023224, 0.1432000022009015)
(0.20000000298023224, 0.14420000221580268)
(0.20000000298023224, 0.14520000223070384)
(0.10000000149011612, 0.14530000222846864)
(0.20000000298023224, 0.14640000224113464)
(0.20000000298023224, 0.14640000224113464)
(0.30000000447034836, 0.14840000227093697)
(0.10000000149011612, 0.14840000227093697)
(0.30000000447034836, 0.1504000023007393)
(0.10000000149011612, 0.14950000228360294)
(0.10000000149011612, 0.14960000228136777)
(0.10000000149011612, 0.14960000228136777)
(0.10000000149011612, 0.14960000228136777)
(0.10000000149011612, 0.14960000228136777)
(0.10000000149011612, 0.14960000228136777)
(0.19000000320374966, 0.1505000022985041)
(0.10000000149011612, 0.1505000022985041)
(0.10000000149011612, 0.1505000022985041)
(0.10000000149011612, 0.1505000022985041)
(0.10000000149011612, 0.1505000022985041)
(0.20000000298023224, 0.15150000231340527)
(0.10000000149011612, 0.15150000231340527)
(0.10000000149011612, 0.15150000231340527)
(0.2900000046938658, 0.15250000232830643)
(0.10000000149011612, 0.15150000231340527)
(0.10000000149011612, 0.1505000022985041)
(0.10000000149011612, 0.1505000022985041)
(0.10000000149011612, 0.14950000228360294)
(0.3900000061839819, 0.1524000023305416)
(0.10000000149011612, 0.1524000023305416)
(0.10000000149011612, 0.1524000023305416)
(0.6000000089406967, 0.15740000240504742)
(0.7000000104308128, 0.16240000247955322)
(0.30000000447034836, 0.16440000250935555)
(0.19000000320374966, 0.16530000252649188)
(0.10000000149011612, 0.16530000252649188)
(0.10000000149011612, 0.16530000252649188)
(0.2900000046938658, 0.16720000255852938)
(0.20000000298023224, 0.16820000257343054)
(0.09000000171363354, 0.1681000025756657)
(0.10000000149011612, 0.1681000025756657)
(0.10000000149011612, 0.16720000255852938)
(0.19000000320374966, 0.1681000025756657)
(0.10000000149011612, 0.1681000025756657)
(0.10000000149011612, 0.1662000025436282)
(0.19000000320374966, 0.16710000256076454)
(0.20000000298023224, 0.16720000255852938)
(0.30000000447034836, 0.1692000025883317)
(0.30000000447034836, 0.17120000261813403)
(0.30000000447034836, 0.17320000264793634)
(0.20000000298023224, 0.1742000026628375)
(0.20000000298023224, 0.1742000026628375)
(0.30000000447034836, 0.17620000269263983)
(0.30000000447034836, 0.17820000272244216)
(0.20000000298023224, 0.17920000273734332)
(0.20000000298023224, 0.18020000275224446)
(0.10000000149011612, 0.18020000275224446)
(0.19000000320374966, 0.18110000276938082)
(0.20000000298023224, 0.18210000278428196)
(0.4000000059604645, 0.18510000282898545)
(0.20000000298023224, 0.1861000028438866)
(0.20000000298023224, 0.18620000284165145)
(0.19000000320374966, 0.18710000285878778)
(0.10000000149011612, 0.18620000284165145)
(0.20000000298023224, 0.18520000282675028)
(0.09000000171363354, 0.18410000281408428)
(0.30000000447034836, 0.18510000282898545)
(0.10000000149011612, 0.18420000281184912)
(0.20000000298023224, 0.18520000282675028)
(0.20000000298023224, 0.18620000284165145)
(0.09000000171363354, 0.18520000282675028)
(0.6000000089406967, 0.1892000028863549)
(0.30000000447034836, 0.1903000028990209)
(0.20000000298023224, 0.19130000291392207)
(0.4000000059604645, 0.1933000029437244)
(0.2900000046938658, 0.19420000296086073)
(0.10000000149011612, 0.1933000029437244)
(0.20000000298023224, 0.19430000295862557)
(0.19000000320374966, 0.1952000029757619)
(0.30000000447034836, 0.1972000030055642)
(0.10000000149011612, 0.19630000298842787)
(0.09000000171363354, 0.1952000029757619)
(0.10000000149011612, 0.19430000295862557)
(0.20000000298023224, 0.19230000292882324)
(0.19000000320374966, 0.19320000294595957)
(0.20000000298023224, 0.19420000296086073)
(0.20000000298023224, 0.19420000296086073)
(0.20000000298023224, 0.19430000295862557)
(0.20000000298023224, 0.1953000029735267)
(0.10000000149011612, 0.1953000029735267)
(0.10000000149011612, 0.19440000295639037)
(1.2000000178813934, 0.2014000030606985)
(0.30000000447034836, 0.20340000309050082)
(0.09000000171363354, 0.20230000307783486)
(0.19000000320374966, 0.2032000030949712)
(0.20000000298023224, 0.2032000030949712)
(0.20000000298023224, 0.20420000310987235)
(0.20000000298023224, 0.2032000030949712)
(0.10000000149011612, 0.2032000030949712)
(0.10000000149011612, 0.20120000306516886)
(0.09000000171363354, 0.20010000305250286)
(0.09000000171363354, 0.1990000030398369)
(0.19000000320374966, 0.19890000304207206)
(0.10000000149011612, 0.19890000304207206)
(0.10000000149011612, 0.1979000030271709)
(0.10000000149011612, 0.19690000301226973)
(0.10000000149011612, 0.1949000029824674)
(0.10000000149011612, 0.1949000029824674)
(0.10000000149011612, 0.1929000029526651)
(0.10000000149011612, 0.1929000029526651)
(0.19000000320374966, 0.19380000296980143)
(0.09000000171363354, 0.1937000029720366)
(0.10000000149011612, 0.1937000029720366)
(0.10000000149011612, 0.1937000029720366)
(0.10000000149011612, 0.1937000029720366)
(0.09000000171363354, 0.19270000295713544)
(0.10000000149011612, 0.19270000295713544)
(0.10000000149011612, 0.19270000295713544)
(0.10000000149011612, 0.19270000295713544)
(0.20000000298023224, 0.1937000029720366)
(0.09000000171363354, 0.1926000029593706)
(0.10000000149011612, 0.1926000029593706)
(0.09000000171363354, 0.1925000029616058)
(0.10000000149011612, 0.1906000029295683)
(0.10000000149011612, 0.1906000029295683)
(0.09000000171363354, 0.19050000293180347)
(0.09000000171363354, 0.19040000293403864)
(0.10000000149011612, 0.19040000293403864)
(0.10000000149011612, 0.18750000288709998)
(0.19000000320374966, 0.1884000029042363)
(0.20000000298023224, 0.18940000291913747)
(0.10000000149011612, 0.18440000284463168)
(0.09000000171363354, 0.17830000275745989)
(0.10000000149011612, 0.17630000272765756)
(0.20000000298023224, 0.1764000027254224)
(0.5000000074505806, 0.18040000278502702)
(0.19000000320374966, 0.18130000280216335)
(0.3900000061839819, 0.18230000281706452)
(0.10000000149011612, 0.18130000280216335)
(0.20000000298023224, 0.18240000281482935)
(0.20000000298023224, 0.1834000028297305)
(0.20000000298023224, 0.18440000284463168)
(0.4000000059604645, 0.1865000028721988)
(0.10000000149011612, 0.1865000028721988)
(0.20000000298023224, 0.18750000288709998)
(0.20000000298023224, 0.1876000028848648)
(0.20000000298023224, 0.1876000028848648)
(0.20000000298023224, 0.18660000286996364)
(0.10000000149011612, 0.18460000284016131)
(0.30000000447034836, 0.18460000284016131)
(2.600000038743019, 0.20860000319778918)
(0.10000000149011612, 0.20760000318288804)
(1.2000000178813934, 0.21660000331699847)
(0.19000000320374966, 0.2155000033043325)
(0.19000000320374966, 0.21540000330656767)
(0.6000000089406967, 0.21940000336617232)
(0.10000000149011612, 0.21940000336617232)
(0.20000000298023224, 0.21950000336393713)
(0.3900000061839819, 0.22140000339597463)
(0.10000000149011612, 0.21840000335127116)
(0.7000000104308128, 0.22340000342577696)
(0.20000000298023224, 0.22340000342577696)
(1.700000025331974, 0.2385000036470592)
(0.30000000447034836, 0.24050000367686153)
(0.19000000320374966, 0.2404000036790967)
(0.20000000298023224, 0.2415000036917627)
(0.30000000447034836, 0.2415000036917627)
(0.19000000320374966, 0.24240000370889903)
(0.4000000059604645, 0.24440000373870135)
(0.10000000149011612, 0.2434000037238002)
(0.800000011920929, 0.2505000038258731)
(0.6000000089406967, 0.2505000038258731)
(0.20000000298023224, 0.24950000381097198)
(0.20000000298023224, 0.24950000381097198)
(0.19000000320374966, 0.24740000378340482)
(0.4000000059604645, 0.24850000379607082)
(0.19000000320374966, 0.24940000381320715)
(0.20000000298023224, 0.24940000381320715)
(0.20000000298023224, 0.24950000381097198)
(0.20000000298023224, 0.24850000379607082)
(0.30000000447034836, 0.2505000038258731)
(1.8000000268220901, 0.2676000040769577)
(0.20000000298023224, 0.26860000409185886)
(0.19000000320374966, 0.268500004094094)
(2.600000038743019, 0.29260000444948675)
(2.600000038743019, 0.3166000048071146)
(2.7000000402331352, 0.3416000051796436)
(1.5000000223517418, 0.35460000537335873)
(2.600000038743019, 0.3786000057309866)
(2.7000000402331352, 0.4046000061184168)
(2.600000038743019, 0.4296000064909458)
(2.7000000402331352, 0.44460000671446326)
(0.9000000134110451, 0.4506000068038702)
(1.2000000178813934, 0.4617000069655478)
(0.10000000149011612, 0.46080000694841144)
(2.600000038743019, 0.48480000730603934)
(2.2000000327825546, 0.5048000076040625)
