(0.0, 0.0)
(0.0, 0.0)
(0.0, 0.0)
(0.0, 0.0)
(0.0, 0.0)
(0.0, 0.0)
(0.0, 0.0)
(0.0, 0.0)
(0.0, 0.0)
(0.0, 0.0)
(0.0, 0.0)
(0.0, 0.0)
(0.0, 0.0)
(0.0, 0.0)
(0.0, 0.0)
(0.0, 0.0)
(0.0, 0.0)
(0.0, 0.0)
(0.0, 0.0)
(0.0, 0.0)
(0.0, 0.0)
(0.0, 0.0)
(0.0, 0.0)
(0.0, 0.0)
(0.0, 0.0)
(0.0, 0.0)
(0.0, 0.0)
(0.0, 0.0)
(0.0, 0.0)
(0.0, 0.0)
(0.0, 0.0)
(0.0, 0.0)
(0.0, 0.0)
(0.0, 0.0)
(0.0, 0.0)
(0.0, 0.0)
(0.0, 0.0)
(0.0, 0.0)
(0.0, 0.0)
(0.0, 0.0)
(0.0, 0.0)
(0.0, 0.0)
(0.0, 0.0)
(0.0, 0.0)
(0.0, 0.0)
(0.0, 0.0)
(0.0, 0.0)
(0.0, 0.0)
(0.0, 0.0)
(0.0, 0.0)
(0.0, 0.0)
(0.0, 0.0)
(0.0, 0.0)
(0.0, 0.0)
(0.0, 0.0)
(0.0, 0.0)
(0.0, 0.0)
(0.0, 0.0)
(0.0, 0.0)
(0.0, 0.0)
(0.0, 0.0)
(0.0, 0.0)
(0.0, 0.0)
(0.0, 0.0)
(0.0, 0.0)
(0.0, 0.0)
(0.10000000149011612, 0.0014925373356733749)
(0.0, 0.00147058825720759)
(0.0, 0.0014492753839147263)
(0.0, 0.0014285714498588017)
(0.0, 0.001408450725212903)
(0.0, 0.001388888909584946)
(0.0, 0.0013698630341111796)
(0.0, 0.0013513513714880556)
(0.0, 0.0013333333532015482)
(0.0, 0.0013157894932910015)
(0.0, 0.0012987013180534562)
(0.0, 0.0012820513011553348)
(0.0, 0.0012658228036723559)
(0.0, 0.0012500000186264515)
(0.0, 0.0012345679196310631)
(0.0, 0.001219512213294099)
(0.0, 0.00120481929506164)
(0.0, 0.001190476208215668)
(0.0, 0.001176470605766072)
(0.0, 0.0011627907150013501)
(0.0, 0.0011494253044840932)
(0.0, 0.0011363636532967741)
(0.0, 0.0011235955223608553)
(0.0, 0.0011111111276679568)
(0.0, 0.0010989011152760014)
(0.0, 0.0010869565379360447)
(0.0, 0.001075268833227055)
(0.0, 0.0010638298030863416)
(0.0, 0.0010526315946328012)
(0.0, 0.0010416666821887095)
(0.0, 0.0010309278504135682)
(0.0, 0.0010204081784705727)
(0.0, 0.001010101025152688)
(0.0, 0.0010000000149011613)
(0.0, 0.0010000000149011613)
(0.0, 0.0010000000149011613)
(0.0, 0.0010000000149011613)
(0.0, 0.0010000000149011613)
(0.0, 0.0010000000149011613)
(0.0, 0.0010000000149011613)
(0.0, 0.0010000000149011613)
(0.0, 0.0010000000149011613)
(0.0, 0.0010000000149011613)
(0.0, 0.0010000000149011613)
(0.0, 0.0010000000149011613)
(0.0, 0.0010000000149011613)
(0.0, 0.0010000000149011613)
(0.0, 0.0010000000149011613)
(0.0, 0.0010000000149011613)
(0.0, 0.0010000000149011613)
(0.0, 0.0010000000149011613)
(0.0, 0.0010000000149011613)
(0.0, 0.0010000000149011613)
(0.0, 0.0010000000149011613)
(0.0, 0.0010000000149011613)
(0.0, 0.0010000000149011613)
(0.0, 0.0010000000149011613)
(0.0, 0.0010000000149011613)
(0.0, 0.0010000000149011613)
(0.0, 0.0010000000149011613)
(0.0, 0.0010000000149011613)
(0.0, 0.0010000000149011613)
(0.0, 0.0010000000149011613)
(0.0, 0.0010000000149011613)
(0.0, 0.0010000000149011613)
(0.0, 0.0010000000149011613)
(0.0, 0.0010000000149011613)
(0.0, 0.0010000000149011613)
(0.0, 0.0010000000149011613)
(0.0, 0.0010000000149011613)
(0.0, 0.0010000000149011613)
(0.0, 0.0010000000149011613)
(0.0, 0.0010000000149011613)
(0.0, 0.0010000000149011613)
(0.0, 0.0010000000149011613)
(0.0, 0.0010000000149011613)
(0.0, 0.0010000000149011613)
(0.0, 0.0010000000149011613)
(0.0, 0.0010000000149011613)
(0.0, 0.0010000000149011613)
(0.0, 0.0010000000149011613)
(0.0, 0.0010000000149011613)
(0.0, 0.0010000000149011613)
(0.0, 0.0010000000149011613)
(0.0, 0.0010000000149011613)
(0.0, 0.0010000000149011613)
(0.0, 0.0010000000149011613)
(0.0, 0.0010000000149011613)
(0.0, 0.0010000000149011613)
(0.0, 0.0010000000149011613)
(0.0, 0.0010000000149011613)
(0.0, 0.0010000000149011613)
(0.0, 0.0010000000149011613)
(0.0, 0.0010000000149011613)
(0.0, 0.0010000000149011613)
(0.0, 0.0010000000149011613)
(0.0, 0.0010000000149011613)
(0.0, 0.0010000000149011613)
(0.0, 0.0010000000149011613)
(0.0, 0.0010000000149011613)
(0.0, 0.0)
(0.0, 0.0)
(0.0, 0.0)
(0.0, 0.0)
(0.0, 0.0)
(0.0, 0.0)
(0.0, 0.0)
(0.0, 0.0)
(0.0, 0.0)
(0.0, 0.0)
(0.0, 0.0)
(0.0, 0.0)
(0.0, 0.0)
(0.0, 0.0)
(0.0, 0.0)
(0.0, 0.0)
(0.10000000149011612, 0.0010000000149011613)
(0.0, 0.0010000000149011613)
(0.0, 0.0010000000149011613)
(0.0, 0.0010000000149011613)
(0.0, 0.0010000000149011613)
(0.10000000149011612, 0.0020000000298023225)
(0.10000000149011612, 0.0030000000447034836)
(0.10000000149011612, 0.004000000059604645)
(0.10000000149011612, 0.005000000074505806)
(0.10000000149011612, 0.006000000089406967)
(0.0, 0.006000000089406967)
(0.10000000149011612, 0.007000000104308128)
(0.10000000149011612, 0.00800000011920929)
(0.0, 0.00800000011920929)
(0.0, 0.00800000011920929)
(0.0, 0.00800000011920929)
(0.0, 0.00800000011920929)
(0.0, 0.00800000011920929)
(0.0, 0.00800000011920929)
(0.0, 0.00800000011920929)
(0.0, 0.00800000011920929)
(0.0, 0.00800000011920929)
(0.0, 0.00800000011920929)
(0.0, 0.00800000011920929)
(0.0, 0.00800000011920929)
(0.0, 0.00800000011920929)
(0.0, 0.00800000011920929)
(0.0, 0.00800000011920929)
(0.0, 0.00800000011920929)
(0.0, 0.00800000011920929)
(0.0, 0.00800000011920929)
(0.0, 0.00800000011920929)
(0.0, 0.00800000011920929)
(0.0, 0.00800000011920929)
(0.0, 0.00800000011920929)
(0.0, 0.00800000011920929)
(0.0, 0.00800000011920929)
(0.0, 0.00800000011920929)
(0.0, 0.00800000011920929)
(0.0, 0.00800000011920929)
(0.0, 0.00800000011920929)
(0.0, 0.00800000011920929)
(0.0, 0.00800000011920929)
(0.0, 0.00800000011920929)
(0.0, 0.00800000011920929)
(0.0, 0.00800000011920929)
(0.0, 0.00800000011920929)
(0.0, 0.00800000011920929)
(0.0, 0.00800000011920929)
(0.0, 0.00800000011920929)
(0.0, 0.00800000011920929)
(0.0, 0.00800000011920929)
(0.0, 0.00800000011920929)
(0.0, 0.00800000011920929)
(0.0, 0.00800000011920929)
(0.0, 0.00800000011920929)
(0.0, 0.00800000011920929)
(0.0, 0.00800000011920929)
(0.0, 0.00800000011920929)
(0.0, 0.00800000011920929)
(0.0, 0.00800000011920929)
(0.0, 0.00800000011920929)
(0.0, 0.00800000011920929)
(0.0, 0.00800000011920929)
(0.0, 0.00800000011920929)
(0.0, 0.00800000011920929)
(0.0, 0.00800000011920929)
(0.0, 0.00800000011920929)
(0.0, 0.00800000011920929)
(0.0, 0.00800000011920929)
(0.0, 0.00800000011920929)
(0.0, 0.00800000011920929)
(0.0, 0.00800000011920929)
(0.0, 0.00800000011920929)
(0.0, 0.00800000011920929)
(0.0, 0.00800000011920929)
(0.0, 0.00800000011920929)
(0.0, 0.00800000011920929)
(0.0, 0.00800000011920929)
(0.0, 0.00800000011920929)
(0.0, 0.00800000011920929)
(0.0, 0.00800000011920929)
(0.0, 0.00800000011920929)
(0.0, 0.00800000011920929)
(0.0, 0.00800000011920929)
(0.0, 0.00800000011920929)
(0.0, 0.00800000011920929)
(0.0, 0.00800000011920929)
(0.0, 0.00800000011920929)
(0.0, 0.00800000011920929)
(0.0, 0.00800000011920929)
(0.0, 0.00800000011920929)
(0.0, 0.00800000011920929)
(0.0, 0.00800000011920929)
(0.0, 0.00800000011920929)
(0.0, 0.00800000011920929)
(0.0, 0.00800000011920929)
(0.0, 0.00800000011920929)
(0.0, 0.00800000011920929)
(0.0, 0.00800000011920929)
(0.0, 0.007000000104308128)
(0.0, 0.007000000104308128)
(0.0, 0.007000000104308128)
(0.0, 0.007000000104308128)
(0.0, 0.007000000104308128)
(0.0, 0.006000000089406967)
(0.0, 0.005000000074505806)
(0.0, 0.004000000059604645)
(0.0, 0.0030000000447034836)
(0.0, 0.0020000000298023225)
(0.0, 0.0020000000298023225)
(0.0, 0.0010000000149011613)
(0.0, 0.0)
(0.0, 0.0)
(0.0, 0.0)
(0.0, 0.0)
(0.0, 0.0)
(0.0, 0.0)
(0.0, 0.0)
(0.0, 0.0)
(0.0, 0.0)
(0.0, 0.0)
(0.0, 0.0)
(0.0, 0.0)
(0.0, 0.0)
(0.0, 0.0)
(0.0, 0.0)
(0.0, 0.0)
(0.0, 0.0)
(0.0, 0.0)
(0.0, 0.0)
(0.0, 0.0)
(0.0, 0.0)
(0.0, 0.0)
(0.0, 0.0)
(0.0, 0.0)
(0.0, 0.0)
(0.0, 0.0)
(0.0, 0.0)
(0.0, 0.0)
(0.0, 0.0)
(0.0, 0.0)
(0.0, 0.0)
(0.0, 0.0)
(0.0, 0.0)
(0.0, 0.0)
(0.0, 0.0)
(0.0, 0.0)
(0.0, 0.0)
(0.0, 0.0)
(0.0, 0.0)
(0.0, 0.0)
(0.0, 0.0)
(0.0, 0.0)
(0.0, 0.0)
(0.0, 0.0)
(0.0, 0.0)
(0.0, 0.0)
(0.0, 0.0)
(0.0, 0.0)
(0.0, 0.0)
(0.0, 0.0)
(0.0, 0.0)
(0.0, 0.0)
(0.0, 0.0)
(0.0, 0.0)
(0.0, 0.0)
(0.0, 0.0)
(0.0, 0.0)
(0.0, 0.0)
(0.0, 0.0)
(0.0, 0.0)
(0.0, 0.0)
(0.0, 0.0)
(0.0, 0.0)
(0.0, 0.0)
(0.0, 0.0)
(0.0, 0.0)
(0.0, 0.0)
(0.0, 0.0)
(0.0, 0.0)
(0.0, 0.0)
(0.0, 0.0)
(0.0, 0.0)
(0.0, 0.0)
(0.0, 0.0)
(0.0, 0.0)
(0.0, 0.0)
(0.0, 0.0)
(0.0, 0.0)
(0.0, 0.0)
(0.0, 0.0)
(0.0, 0.0)
(0.0, 0.0)
(0.0, 0.0)
(0.0, 0.0)
(0.0, 0.0)
(0.0, 0.0)
(0.0, 0.0)
(0.0, 0.0)
(0.0, 0.0)
(0.0, 0.0)
(0.0, 0.0)
(0.0, 0.0)
(0.0, 0.0)
(0.0, 0.0)
(0.0, 0.0)
(0.0, 0.0)
(0.0, 0.0)
(0.0, 0.0)
(0.0, 0.0)
(0.0, 0.0)
(0.0, 0.0)
(0.0, 0.0)
(0.0, 0.0)
(0.0, 0.0)
(0.0, 0.0)
(0.0, 0.0)
(0.0, 0.0)
(0.0, 0.0)
(0.0, 0.0)
(0.0, 0.0)
(0.0, 0.0)
(0.0, 0.0)
(0.0, 0.0)
(0.0, 0.0)
(0.0, 0.0)
(0.0, 0.0)
(0.0, 0.0)
(0.0, 0.0)
(0.0, 0.0)
(0.0, 0.0)
(0.0, 0.0)
(0.0, 0.0)
(0.0, 0.0)
(0.0, 0.0)
(0.0, 0.0)
(0.0, 0.0)
(0.0, 0.0)
(0.0, 0.0)
(0.0, 0.0)
(0.0, 0.0)
(0.0, 0.0)
(0.0, 0.0)
(0.0, 0.0)
(0.0, 0.0)
(0.0, 0.0)
(0.0, 0.0)
(0.0, 0.0)
(0.0, 0.0)
(0.0, 0.0)
(0.0, 0.0)
(0.0, 0.0)
(0.0, 0.0)
(0.0, 0.0)
(0.0, 0.0)
(0.0, 0.0)
(0.0, 0.0)
(0.0, 0.0)
(0.0, 0.0)
(0.0, 0.0)
(0.0, 0.0)
(0.0, 0.0)
(0.0, 0.0)
(0.0, 0.0)
(0.0, 0.0)
(0.0, 0.0)
(0.0, 0.0)
(0.0, 0.0)
(0.0, 0.0)
(0.0, 0.0)
(0.0, 0.0)
(0.0, 0.0)
(0.0, 0.0)
(0.0, 0.0)
(0.0, 0.0)
(0.0, 0.0)
(0.0, 0.0)
(0.0, 0.0)
(0.0, 0.0)
(0.0, 0.0)
(0.0, 0.0)
(0.0, 0.0)
(0.0, 0.0)
(0.0, 0.0)
(0.0, 0.0)
(0.0, 0.0)
(0.0, 0.0)
(0.0, 0.0)
(0.0, 0.0)
(0.0, 0.0)
(0.0, 0.0)
(0.0, 0.0)
(0.0, 0.0)
(0.0, 0.0)
(0.0, 0.0)
(0.0, 0.0)
(0.0, 0.0)
(0.0, 0.0)
(0.0, 0.0)
(0.0, 0.0)
(0.0, 0.0)
(0.0, 0.0)
(0.0, 0.0)
(0.0, 0.0)
(0.10000000149011612, 0.0010000000149011613)
(0.10000000149011612, 0.0020000000298023225)
(0.10000000149011612, 0.0030000000447034836)
(0.0, 0.0030000000447034836)
(0.10000000149011612, 0.004000000059604645)
(0.10000000149011612, 0.005000000074505806)
(0.0, 0.005000000074505806)
(0.0, 0.005000000074505806)
(0.0, 0.005000000074505806)
(0.0, 0.005000000074505806)
(0.0, 0.005000000074505806)
(0.0, 0.005000000074505806)
(0.0, 0.005000000074505806)
(0.0, 0.005000000074505806)
(0.0, 0.005000000074505806)
(0.0, 0.005000000074505806)
(0.0, 0.005000000074505806)
(0.10000000149011612, 0.006000000089406967)
(0.10000000149011612, 0.007000000104308128)
(0.10000000149011612, 0.00800000011920929)
(0.0, 0.00800000011920929)
(0.10000000149011612, 0.009000000134110451)
(0.10000000149011612, 0.010000000149011612)
(0.0, 0.010000000149011612)
(0.10000000149011612, 0.011000000163912773)
(0.0, 0.011000000163912773)
(0.0, 0.011000000163912773)
(0.10000000149011612, 0.012000000178813934)
(0.0, 0.012000000178813934)
(0.09000000171363354, 0.01290000019595027)
(0.10000000149011612, 0.013900000210851431)
(0.10000000149011612, 0.014900000225752592)
(0.09000000171363354, 0.015800000242888926)
(0.0, 0.015800000242888926)
(0.09000000171363354, 0.01670000026002526)
(0.10000000149011612, 0.017700000274926422)
(0.10000000149011612, 0.018700000289827587)
(0.09000000171363354, 0.01960000030696392)
(0.0, 0.01960000030696392)
(0.10000000149011612, 0.020600000321865083)
(0.10000000149011612, 0.021600000336766245)
(0.0, 0.021600000336766245)
(0.0, 0.021600000336766245)
(0.09000000171363354, 0.02250000035390258)
(0.0, 0.02250000035390258)
(0.10000000149011612, 0.02350000036880374)
(0.09000000171363354, 0.024400000385940077)
(0.10000000149011612, 0.025400000400841238)
(0.09000000171363354, 0.026300000417977573)
(0.10000000149011612, 0.027300000432878734)
(0.10000000149011612, 0.028300000447779895)
(0.0, 0.028300000447779895)
(0.0, 0.028300000447779895)
(0.0, 0.028300000447779895)
(0.10000000149011612, 0.029300000462681056)
(0.10000000149011612, 0.030300000477582217)
(0.10000000149011612, 0.031300000492483375)
(0.10000000149011612, 0.03230000050738454)
(0.10000000149011612, 0.0333000005222857)
(0.10000000149011612, 0.03430000053718686)
(0.0, 0.03430000053718686)
(0.09000000171363354, 0.035200000554323194)
(0.0, 0.035200000554323194)
(0.0, 0.035200000554323194)
(0.0, 0.035200000554323194)
(0.0, 0.035200000554323194)
(0.0, 0.035200000554323194)
(0.0, 0.035200000554323194)
(0.0, 0.035200000554323194)
(0.0, 0.035200000554323194)
(0.0, 0.035200000554323194)
(0.0, 0.035200000554323194)
(0.0, 0.035200000554323194)
(0.0, 0.035200000554323194)
(0.0, 0.035200000554323194)
(0.0, 0.035200000554323194)
(0.0, 0.035200000554323194)
(0.10000000149011612, 0.03620000056922436)
(0.0, 0.03620000056922436)
(0.0, 0.03620000056922436)
(0.10000000149011612, 0.037200000584125516)
(0.09000000171363354, 0.038100000601261855)
(0.0, 0.038100000601261855)
(0.10000000149011612, 0.03910000061616301)
(0.0, 0.03910000061616301)
(0.0, 0.03910000061616301)
(0.0, 0.03910000061616301)
(0.0, 0.03910000061616301)
(0.10000000149011612, 0.04010000063106418)
(0.0, 0.04010000063106418)
(0.0, 0.04010000063106418)
(0.0, 0.04010000063106418)
(0.0, 0.04010000063106418)
(0.10000000149011612, 0.041100000645965334)
(0.10000000149011612, 0.0421000006608665)
(0.09000000171363354, 0.04300000067800283)
(0.0, 0.04300000067800283)
(0.0, 0.04300000067800283)
(0.10000000149011612, 0.044000000692903996)
(0.10000000149011612, 0.04500000070780516)
(0.10000000149011612, 0.04500000070780516)
(0.0, 0.044000000692903996)
(0.0, 0.04300000067800283)
(0.0, 0.04300000067800283)
(0.0, 0.04200000066310167)
(0.09000000171363354, 0.04190000066533685)
(0.10000000149011612, 0.042900000680238005)
(0.0, 0.042900000680238005)
(0.0, 0.042900000680238005)
(0.0, 0.042900000680238005)
(0.0, 0.042900000680238005)
(0.0, 0.042900000680238005)
(0.10000000149011612, 0.04390000069513917)
(0.10000000149011612, 0.04490000071004033)
(0.10000000149011612, 0.04590000072494149)
(0.10000000149011612, 0.04690000073984266)
(0.10000000149011612, 0.047900000754743814)
(0.10000000149011612, 0.047900000754743814)
(0.09000000171363354, 0.04780000075697899)
(0.0, 0.046800000742077824)
(0.09000000171363354, 0.04770000075921416)
(0.09000000171363354, 0.04760000076144934)
(0.09000000171363354, 0.04750000076368451)
(0.10000000149011612, 0.04850000077858567)
(0.09000000171363354, 0.048400000780820844)
(0.09000000171363354, 0.04930000079795718)
(0.10000000149011612, 0.05030000081285834)
(0.0, 0.04930000079795718)
(0.09000000171363354, 0.050200000815093515)
(0.10000000149011612, 0.05030000081285834)
(0.09000000171363354, 0.050200000815093515)
(0.09000000171363354, 0.05010000081732869)
(0.10000000149011612, 0.050200000815093515)
(0.09000000171363354, 0.051100000832229854)
(0.10000000149011612, 0.05120000082999468)
(0.09000000171363354, 0.051100000832229854)
(0.0, 0.05010000081732869)
(0.09000000171363354, 0.05010000081732869)
(0.09000000171363354, 0.05100000083446503)
(0.0, 0.050000000819563864)
(0.20000000298023224, 0.05100000083446503)
(0.0, 0.05100000083446503)
(0.10000000149011612, 0.052000000849366186)
(0.0, 0.051100000832229854)
(0.10000000149011612, 0.05210000084713101)
(0.09000000171363354, 0.052000000849366186)
(0.09000000171363354, 0.052000000849366186)
(0.0, 0.05100000083446503)
(0.0, 0.05010000081732869)
(0.10000000149011612, 0.05010000081732869)
(0.10000000149011612, 0.05010000081732869)
(0.0, 0.05010000081732869)
(0.10000000149011612, 0.051100000832229854)
(0.09000000171363354, 0.052000000849366186)
(0.10000000149011612, 0.052000000849366186)
(0.20000000298023224, 0.05300000086426735)
(0.0, 0.052000000849366186)
(0.10000000149011612, 0.052000000849366186)
(0.10000000149011612, 0.052000000849366186)
(0.10000000149011612, 0.052000000849366186)
(0.09000000171363354, 0.052900000866502525)
(0.09000000171363354, 0.052900000866502525)
(0.10000000149011612, 0.05390000088140368)
(0.09000000171363354, 0.05480000089854002)
(0.0, 0.05480000089854002)
(0.10000000149011612, 0.05580000091344118)
(0.0, 0.05580000091344118)
(0.0, 0.05580000091344118)
(0.10000000149011612, 0.056800000928342344)
(0.09000000171363354, 0.057700000945478676)
(0.10000000149011612, 0.05870000096037984)
(0.10000000149011612, 0.059700000975281)
(0.0, 0.059700000975281)
(0.0, 0.059700000975281)
(0.10000000149011612, 0.06070000099018216)
(0.0, 0.06070000099018216)
(0.0, 0.06070000099018216)
(0.09000000171363354, 0.06060000099241734)
(0.10000000149011612, 0.061600001007318494)
(0.09000000357627869, 0.06250000104308129)
(0.0, 0.061500001028180123)
(0.0, 0.060600001011043785)
(0.0, 0.060600001011043785)
(0.09000000171363354, 0.06050000101327896)
(0.09000000171363354, 0.0614000010304153)
(0.10000000149011612, 0.062400001045316456)
(0.0, 0.062400001045316456)
(0.10000000149011612, 0.06340000106021762)
(0.10000000149011612, 0.06340000106021762)
(0.0, 0.06340000106021762)
(0.0, 0.06340000106021762)
(0.0, 0.06340000106021762)
(0.0, 0.06340000106021762)
(0.0, 0.062400001045316456)
(0.0, 0.0614000010304153)
(0.0, 0.06050000101327896)
(0.0, 0.06050000101327896)
(0.0, 0.06050000101327896)
(0.0, 0.0595000009983778)
(0.0, 0.05850000098347664)
(0.0, 0.05750000096857548)
(0.0, 0.05750000096857548)
(0.0, 0.05750000096857548)
(0.0, 0.05750000096857548)
(0.0, 0.05750000096857548)
(0.0, 0.05660000095143914)
(0.0, 0.05560000093653798)
(0.0, 0.05560000093653798)
(0.0, 0.05560000093653798)
(0.0, 0.05560000093653798)
(0.0, 0.05560000093653798)
(0.0, 0.05560000093653798)
(0.0, 0.05460000092163682)
(0.0, 0.05360000090673566)
(0.0, 0.052600000891834496)
(0.0, 0.05160000087693334)
(0.0, 0.050600000862032174)
(0.0, 0.049600000847131016)
(0.0, 0.04870000082999468)
(0.0, 0.04870000082999468)
(0.0, 0.047800000812858345)
(0.0, 0.046900000795722006)
(0.0, 0.046000000778585674)
(0.0, 0.04500000076368451)
(0.0, 0.04410000074654818)
(0.0, 0.04320000072941184)
(0.0, 0.04220000071451068)
(0.0, 0.04220000071451068)
(0.0, 0.04130000069737434)
(0.0, 0.040300000682473185)
(0.0, 0.039400000665336846)
(0.0, 0.038500000648200514)
(0.0, 0.03750000063329935)
(0.0, 0.03660000061616302)
(0.0, 0.03560000060126185)
(0.0, 0.03470000058412552)
(0.0, 0.03470000058412552)
(0.0, 0.03380000056698918)
(0.0, 0.03290000054985285)
(0.0, 0.03290000054985285)
(0.0, 0.030900000520050527)
(0.0, 0.030900000520050527)
(0.0, 0.029900000505149363)
(0.0, 0.029900000505149363)
(0.0, 0.028900000490248202)
(0.0, 0.028000000473111866)
(0.0, 0.027100000455975534)
(0.0, 0.027100000455975534)
(0.0, 0.027100000455975534)
(0.0, 0.02610000044107437)
(0.0, 0.02510000042617321)
(0.0, 0.02510000042617321)
(0.0, 0.024100000411272048)
(0.0, 0.023200000394135712)
(0.0, 0.02220000037923455)
(0.0, 0.02020000034943223)
(0.0, 0.02020000034943223)
(0.0, 0.019200000334531068)
(0.0, 0.018200000319629907)
(0.0, 0.017200000304728746)
(0.0, 0.01630000028759241)
(0.0, 0.015400000270456076)
(0.0, 0.014400000255554914)
(0.0, 0.01350000023841858)
(0.0, 0.01350000023841858)
(0.0, 0.012500000223517417)
(0.0, 0.012500000223517417)
(0.0, 0.012500000223517417)
(0.0, 0.011500000208616256)
(0.0, 0.01060000019147992)
(0.0, 0.00960000017657876)
(0.0, 0.008600000161677598)
(0.0, 0.008600000161677598)
(0.0, 0.008600000161677598)
(0.0, 0.007600000146776437)
(0.0, 0.007600000146776437)
(0.0, 0.007600000146776437)
(0.0, 0.006700000129640103)
(0.0, 0.005700000114738941)
(0.0, 0.004800000078976154)
(0.0, 0.004800000078976154)
(0.0, 0.004800000078976154)
(0.0, 0.004800000078976154)
(0.0, 0.003900000061839819)
(0.0, 0.0030000000447034836)
(0.0, 0.0020000000298023225)
(0.0, 0.0020000000298023225)
(0.0, 0.0010000000149011613)
(0.0, 0.0)
(0.0, 0.0)
(0.0, 0.0)
(0.0, 0.0)
(0.0, 0.0)
(0.0, 0.0)
(0.0, 0.0)
(0.0, 0.0)
(0.0, 0.0)
(0.0, 0.0)
(0.10000000149011612, 0.0010000000149011613)
(0.0, 0.0010000000149011613)
(0.0, 0.0010000000149011613)
(0.0, 0.0010000000149011613)
(0.0, 0.0010000000149011613)
(0.0, 0.0010000000149011613)
(0.0, 0.0010000000149011613)
(0.0, 0.0010000000149011613)
(0.0, 0.0010000000149011613)
(0.0, 0.0010000000149011613)
(0.10000000149011612, 0.0020000000298023225)
(0.0, 0.0020000000298023225)
(0.0, 0.0020000000298023225)
(0.0, 0.0020000000298023225)
(0.0, 0.0020000000298023225)
(0.0, 0.0020000000298023225)
(0.0, 0.0020000000298023225)
(0.0, 0.0020000000298023225)
(0.0, 0.0020000000298023225)
(0.0, 0.0020000000298023225)
(0.0, 0.0020000000298023225)
(0.0, 0.0020000000298023225)
(0.0, 0.0020000000298023225)
(0.0, 0.0020000000298023225)
(0.0, 0.0020000000298023225)
(0.0, 0.0020000000298023225)
(0.10000000149011612, 0.0030000000447034836)
(0.0, 0.0030000000447034836)
(0.0, 0.0030000000447034836)
(0.10000000149011612, 0.004000000059604645)
(0.0, 0.004000000059604645)
(0.0, 0.004000000059604645)
(0.0, 0.004000000059604645)
(0.0, 0.004000000059604645)
(0.0, 0.004000000059604645)
(0.0, 0.004000000059604645)
(0.10000000149011612, 0.005000000074505806)
(0.0, 0.005000000074505806)
(0.0, 0.005000000074505806)
(0.0, 0.005000000074505806)
(0.10000000149011612, 0.006000000089406967)
(0.0, 0.006000000089406967)
(0.0, 0.006000000089406967)
(0.10000000149011612, 0.007000000104308128)
(0.0, 0.007000000104308128)
(0.0, 0.007000000104308128)
(0.0, 0.007000000104308128)
(0.0, 0.007000000104308128)
(0.0, 0.007000000104308128)
(0.0, 0.007000000104308128)
(0.0, 0.007000000104308128)
(0.0, 0.007000000104308128)
(0.0, 0.007000000104308128)
(0.0, 0.007000000104308128)
(0.0, 0.007000000104308128)
(0.09000000171363354, 0.007900000121444463)
(0.0, 0.007900000121444463)
(0.0, 0.007900000121444463)
(0.0, 0.007900000121444463)
(0.0, 0.007900000121444463)
(0.10000000149011612, 0.008900000136345626)
(0.09000000171363354, 0.00980000015348196)
(0.10000000149011612, 0.010800000168383122)
(0.09000000171363354, 0.011700000185519456)
(0.0, 0.011700000185519456)
(0.0, 0.011700000185519456)
(0.0, 0.011700000185519456)
(0.0, 0.011700000185519456)
(0.10000000149011612, 0.012700000200420619)
(0.10000000149011612, 0.01370000021532178)
(0.10000000149011612, 0.014700000230222941)
(0.0, 0.014700000230222941)
(0.10000000149011612, 0.0157000002451241)
(0.20000000298023224, 0.017700000274926422)
(0.0, 0.017700000274926422)
(0.0, 0.017700000274926422)
(0.0, 0.017700000274926422)
(0.09000000171363354, 0.018600000292062758)
(0.09000000171363354, 0.019500000309199093)
(0.0, 0.019500000309199093)
(0.10000000149011612, 0.020500000324100254)
(0.09000000171363354, 0.02140000034123659)
(0.09000000171363354, 0.022300000358372925)
(0.10000000149011612, 0.023300000373274087)
(0.10000000149011612, 0.024300000388175248)
(0.09000000171363354, 0.025200000405311583)
(0.10000000149011612, 0.026200000420212744)
(0.09000000171363354, 0.02710000043734908)
(0.09000000171363354, 0.028000000454485415)
(0.09000000171363354, 0.02890000047162175)
(0.0, 0.02890000047162175)
(0.10000000149011612, 0.02990000048652291)
(0.0, 0.02990000048652291)
(0.09000000171363354, 0.030800000503659247)
(0.0, 0.030800000503659247)
(0.09000000171363354, 0.031700000520795586)
(0.0, 0.031700000520795586)
(0.0, 0.031700000520795586)
(0.0, 0.031700000520795586)
(0.0, 0.031700000520795586)
(0.0, 0.03070000050589442)
(0.0, 0.03070000050589442)
(0.10000000149011612, 0.031700000520795586)
(0.09000000171363354, 0.03260000053793192)
(0.09000000171363354, 0.03350000055506826)
(0.10000000149011612, 0.034500000569969415)
(0.09000000171363354, 0.035400000587105754)
(0.09000000171363354, 0.036300000604242086)
(0.10000000149011612, 0.03730000061914325)
(0.10000000149011612, 0.03830000063404441)
(0.10000000149011612, 0.03830000063404441)
(0.10000000149011612, 0.03930000064894557)
(0.10000000149011612, 0.04030000066384673)
(0.10000000149011612, 0.041300000678747895)
(0.09000000171363354, 0.04220000069588423)
(0.10000000149011612, 0.04320000071078539)
(0.09000000171363354, 0.04410000072792172)
(0.09000000171363354, 0.04500000074505806)
(0.10000000149011612, 0.04600000075995922)
(0.10000000149011612, 0.047000000774860384)
(0.10000000149011612, 0.04800000078976154)
(0.09000000171363354, 0.04890000080689788)
(0.09000000171363354, 0.04980000082403421)
(0.09000000171363354, 0.05070000084117055)
(0.09000000171363354, 0.051600000858306884)
(0.09000000171363354, 0.05250000087544322)
(0.10000000149011612, 0.05250000087544322)
(0.10000000149011612, 0.05350000089034438)
(0.09000000171363354, 0.05440000090748072)
(0.10000000149011612, 0.05440000090748072)
(0.09000000171363354, 0.05530000092461705)
(0.09000000171363354, 0.05620000094175339)
(0.10000000149011612, 0.05720000095665455)
(0.10000000149011612, 0.05820000097155571)
(0.10000000149011612, 0.05920000098645687)
(0.10000000149011612, 0.060200001001358035)
(0.10000000149011612, 0.060200001001358035)
(0.09000000171363354, 0.06110000101849437)
(0.10000000149011612, 0.06210000103339553)
(0.09000000171363354, 0.06300000105053187)
(0.10000000149011612, 0.06300000105053187)
(0.09000000171363354, 0.0639000010676682)
(0.09000000171363354, 0.06480000108480453)
(0.09000000171363354, 0.06470000108703972)
(0.10000000149011612, 0.06570000110194087)
(0.09000000171363354, 0.06660000111907721)
(0.10000000149011612, 0.06760000113397836)
(0.09000000171363354, 0.06850000115111471)
(0.09000000171363354, 0.06940000116825104)
(0.09000000171363354, 0.07030000118538737)
(0.09000000171363354, 0.0712000012025237)
(0.10000000149011612, 0.07220000121742487)
(0.10000000149011612, 0.07320000123232603)
(0.09000000171363354, 0.07410000124946237)
(0.10000000149011612, 0.07510000126436353)
(0.10000000149011612, 0.07520000126212835)
(0.10000000149011612, 0.07620000127702951)
(0.09000000171363354, 0.07710000129416585)
(0.10000000149011612, 0.07810000130906701)
(0.10000000149011612, 0.07910000132396817)
(0.09000000171363354, 0.07900000132620334)
(0.09000000171363354, 0.07900000132620334)
(0.10000000149011612, 0.07900000132620334)
(0.10000000149011612, 0.07910000132396817)
(0.09000000171363354, 0.0800000013411045)
(0.10000000149011612, 0.08100000135600567)
(0.10000000149011612, 0.08200000137090684)
(0.09000000171363354, 0.08290000138804317)
(0.10000000149011612, 0.08290000138804317)
(0.09000000171363354, 0.08280000139027834)
(0.10000000149011612, 0.08280000139027834)
(0.10000000149011612, 0.0838000014051795)
(0.09000000171363354, 0.08370000140741468)
(0.09000000171363354, 0.08260000139474868)
(0.09000000171363354, 0.08350000141188502)
(0.09000000171363354, 0.08440000142902136)
(0.09000000171363354, 0.0853000014461577)
(0.10000000149011612, 0.08540000144392251)
(0.10000000149011612, 0.08550000144168735)
(0.10000000149011612, 0.08650000145658851)
(0.10000000149011612, 0.08650000145658851)
(0.10000000149011612, 0.08660000145435333)
(0.10000000149011612, 0.08670000145211816)
(0.09000000171363354, 0.08660000145435333)
(0.10000000149011612, 0.08660000145435333)
(0.0, 0.085700001437217)
(0.10000000149011612, 0.085700001437217)
(0.10000000149011612, 0.08580000143498183)
(0.10000000149011612, 0.08590000143274665)
(0.09000000171363354, 0.08590000143274665)
(0.10000000149011612, 0.08690000144764781)
(0.09000000171363354, 0.08680000144988298)
(0.09000000171363354, 0.08770000146701933)
(0.10000000149011612, 0.08780000146478414)
(0.10000000149011612, 0.08880000147968531)
(0.10000000149011612, 0.08890000147745013)
(0.10000000149011612, 0.08990000149235129)
(0.09000000171363354, 0.09080000150948762)
(0.10000000149011612, 0.09180000152438879)
(0.10000000149011612, 0.09280000153928995)
(0.09000000171363354, 0.09370000155642629)
(0.09000000171363354, 0.09460000157356262)
(0.10000000149011612, 0.09460000157356262)
(0.09000000171363354, 0.09460000157356262)
(0.10000000149011612, 0.09470000157132745)
(0.10000000149011612, 0.09470000157132745)
(0.10000000149011612, 0.09480000156909227)
(0.10000000149011612, 0.0949000015668571)
(0.10000000149011612, 0.0949000015668571)
(0.10000000149011612, 0.0949000015668571)
(0.10000000149011612, 0.0949000015668571)
(0.10000000149011612, 0.0949000015668571)
(0.10000000149011612, 0.0949000015668571)
(0.09000000171363354, 0.09480000156909227)
(0.10000000149011612, 0.0949000015668571)
(0.10000000149011612, 0.0949000015668571)
(0.09000000171363354, 0.0949000015668571)
(0.09000000171363354, 0.0949000015668571)
(0.09000000171363354, 0.09480000156909227)
(0.09000000171363354, 0.09470000157132745)
(0.10000000149011612, 0.09470000157132745)
(0.10000000149011612, 0.09480000156909227)
(0.10000000149011612, 0.0949000015668571)
(0.10000000149011612, 0.09500000156462192)
(0.10000000149011612, 0.09510000156238675)
(0.10000000149011612, 0.09520000156015157)
(0.09000000171363354, 0.09510000156238675)
(0.10000000149011612, 0.09510000156238675)
(0.09000000171363354, 0.09510000156238675)
(0.10000000149011612, 0.09510000156238675)
(0.10000000149011612, 0.09520000156015157)
(0.10000000149011612, 0.0953000015579164)
(0.10000000149011612, 0.0953000015579164)
(0.10000000149011612, 0.0953000015579164)
(0.10000000149011612, 0.0953000015579164)
(0.10000000149011612, 0.0953000015579164)
(0.09000000171363354, 0.09520000156015157)
(0.20000000298023224, 0.09630000157281757)
(0.09000000171363354, 0.09620000157505273)
(0.10000000149011612, 0.09630000157281757)
(0.20000000298023224, 0.09730000158771873)
(0.10000000149011612, 0.09740000158548355)
(0.10000000149011612, 0.09750000158324838)
(0.10000000149011612, 0.0976000015810132)
(0.10000000149011612, 0.0976000015810132)
(0.10000000149011612, 0.09770000157877803)
(0.09000000171363354, 0.0976000015810132)
(0.09000000171363354, 0.0976000015810132)
(0.10000000149011612, 0.09770000157877803)
(0.09000000171363354, 0.09770000157877803)
(0.10000000149011612, 0.09780000157654285)
(0.09000000171363354, 0.09770000157877803)
(0.10000000149011612, 0.09770000157877803)
(0.10000000149011612, 0.09780000157654285)
(0.09000000171363354, 0.09770000157877803)
(0.09000000171363354, 0.0976000015810132)
(0.09000000171363354, 0.09750000158324838)
(0.20000000298023224, 0.09860000159591437)
(0.10000000149011612, 0.09860000159591437)
(0.09000000171363354, 0.09850000159814953)
(0.09000000171363354, 0.09850000159814953)
(0.10000000149011612, 0.09860000159591437)
(0.10000000149011612, 0.09860000159591437)
(0.20000000298023224, 0.09960000161081553)
(0.10000000149011612, 0.09970000160858035)
(0.10000000149011612, 0.09970000160858035)
(0.09000000171363354, 0.09960000161081553)
(1.5000000223517418, 0.11370000181719661)
(0.10000000149011612, 0.11370000181719661)
(0.09000000171363354, 0.11370000181719661)
(0.20000000298023224, 0.11470000183209778)
(0.10000000149011612, 0.11470000183209778)
(0.10000000149011612, 0.1148000018298626)
(0.10000000149011612, 0.11490000182762743)
(0.09000000171363354, 0.11490000182762743)
(0.09000000171363354, 0.11490000182762743)
(0.09000000171363354, 0.11490000182762743)
(0.09000000171363354, 0.1148000018298626)
(0.09000000171363354, 0.11470000183209778)
(0.09000000171363354, 0.11460000183433294)
(0.10000000149011612, 0.11460000183433294)
(0.10000000149011612, 0.11460000183433294)
(0.10000000149011612, 0.11460000183433294)
(0.09000000171363354, 0.11460000183433294)
(0.10000000149011612, 0.11460000183433294)
(0.09000000171363354, 0.11550000185146928)
(0.10000000149011612, 0.11550000185146928)
(0.09000000171363354, 0.11540000185370446)
(0.10000000149011612, 0.11540000185370446)
(0.10000000149011612, 0.11550000185146928)
(0.10000000149011612, 0.11550000185146928)
(0.10000000149011612, 0.11560000184923411)
(0.10000000149011612, 0.11570000184699893)
(0.09000000171363354, 0.11560000184923411)
(0.09000000171363354, 0.11550000185146928)
(0.09000000171363354, 0.11540000185370446)
(0.09000000171363354, 0.11530000185593962)
(0.10000000149011612, 0.11540000185370446)
(0.10000000149011612, 0.11540000185370446)
(0.09000000171363354, 0.11530000185593962)
(0.10000000149011612, 0.11540000185370446)
(0.10000000149011612, 0.11550000185146928)
(0.09000000171363354, 0.11540000185370446)
(0.10000000149011612, 0.11550000185146928)
(0.10000000149011612, 0.11550000185146928)
(0.09000000171363354, 0.11540000185370446)
(0.09000000171363354, 0.11530000185593962)
(0.10000000149011612, 0.11530000185593962)
(0.10000000149011612, 0.11530000185593962)
(0.09000000171363354, 0.1152000018581748)
(0.10000000149011612, 0.1152000018581748)
(0.10000000149011612, 0.1152000018581748)
(0.10000000149011612, 0.1152000018581748)
(0.10000000149011612, 0.11530000185593962)
(0.10000000149011612, 0.11530000185593962)
(0.10000000149011612, 0.11530000185593962)
(0.10000000149011612, 0.11540000185370446)
(0.09000000171363354, 0.11540000185370446)
(0.09000000171363354, 0.11540000185370446)
(0.09000000171363354, 0.11540000185370446)
(0.10000000149011612, 0.11540000185370446)
(0.10000000149011612, 0.11540000185370446)
(0.10000000149011612, 0.11540000185370446)
(0.10000000149011612, 0.11540000185370446)
(0.10000000149011612, 0.11540000185370446)
(0.09000000171363354, 0.11530000185593962)
(0.10000000149011612, 0.11540000185370446)
(0.10000000149011612, 0.11540000185370446)
(0.09000000171363354, 0.11540000185370446)
(0.10000000149011612, 0.11540000185370446)
(0.09000000171363354, 0.11530000185593962)
(0.09000000171363354, 0.1152000018581748)
(0.10000000149011612, 0.1152000018581748)
(0.10000000149011612, 0.1152000018581748)
(0.09000000171363354, 0.11510000186040997)
(0.10000000149011612, 0.11510000186040997)
(0.09000000171363354, 0.11510000186040997)
(0.09000000171363354, 0.11400000184774399)
(0.10000000149011612, 0.11410000184550881)
(0.10000000149011612, 0.11410000184550881)
(0.10000000149011612, 0.11310000183060766)
(0.10000000149011612, 0.11310000183060766)
(0.09000000171363354, 0.11300000183284283)
(0.09000000171363354, 0.112900001835078)
(0.10000000149011612, 0.112900001835078)
(0.10000000149011612, 0.112900001835078)
(0.10000000149011612, 0.11300000183284283)
(0.10000000149011612, 0.11310000183060766)
(0.10000000149011612, 0.11310000183060766)
(0.10000000149011612, 0.11320000182837248)
(0.10000000149011612, 0.11320000182837248)
(0.09000000171363354, 0.11320000182837248)
(0.09000000171363354, 0.11310000183060766)
(0.10000000149011612, 0.11310000183060766)
(0.09000000171363354, 0.11310000183060766)
(0.09000000171363354, 0.11310000183060766)
(0.10000000149011612, 0.11320000182837248)
(0.09000000171363354, 0.1121000018157065)
(0.09000000171363354, 0.11200000181794166)
(0.09000000171363354, 0.11200000181794166)
(0.10000000149011612, 0.1121000018157065)
(0.10000000149011612, 0.1121000018157065)
(0.09000000171363354, 0.11200000181794166)
(0.10000000149011612, 0.11100000180304051)
(0.09000000171363354, 0.11090000180527568)
(0.09000000171363354, 0.11080000180751086)
(0.10000000149011612, 0.11090000180527568)
(0.09000000171363354, 0.0968000015988946)
(0.09000000171363354, 0.09670000160112976)
(0.10000000149011612, 0.0968000015988946)
(0.10000000149011612, 0.09580000158399343)
(0.10000000149011612, 0.09580000158399343)
(0.10000000149011612, 0.09580000158399343)
(0.10000000149011612, 0.09580000158399343)
(0.09000000171363354, 0.09580000158399343)
(0.09000000171363354, 0.09580000158399343)
(0.10000000149011612, 0.09590000158175827)
(0.10000000149011612, 0.09600000157952308)
(0.10000000149011612, 0.09610000157728792)
(0.10000000149011612, 0.09620000157505273)
(0.10000000149011612, 0.09620000157505273)
(0.10000000149011612, 0.09620000157505273)
(0.20000000298023224, 0.0972000015899539)
(0.19000000320374966, 0.09820000160485506)
(0.20000000298023224, 0.09920000161975623)
(0.20000000298023224, 0.10030000163242221)
(0.10000000149011612, 0.10030000163242221)
(0.10000000149011612, 0.10040000163018703)
(0.19000000320374966, 0.10130000164732338)
(0.10000000149011612, 0.10130000164732338)
(0.10000000149011612, 0.10130000164732338)
(0.10000000149011612, 0.10130000164732338)
(0.20000000298023224, 0.10230000166222453)
(0.10000000149011612, 0.10240000165998936)
(0.09000000171363354, 0.10240000165998936)
(0.10000000149011612, 0.10250000165775418)
(0.09000000171363354, 0.10250000165775418)
(0.10000000149011612, 0.10250000165775418)
(0.10000000149011612, 0.10250000165775418)
(0.10000000149011612, 0.10260000165551901)
(0.10000000149011612, 0.10260000165551901)
(0.10000000149011612, 0.10260000165551901)
(0.10000000149011612, 0.10270000165328383)
(0.10000000149011612, 0.10270000165328383)
(0.10000000149011612, 0.10270000165328383)
(0.30000000447034836, 0.10480000168085098)
(0.10000000149011612, 0.10490000167861581)
(0.10000000149011612, 0.10490000167861581)
(0.10000000149011612, 0.10490000167861581)
(0.10000000149011612, 0.10500000167638063)
(0.10000000149011612, 0.10500000167638063)
(0.09000000171363354, 0.10490000167861581)
(0.30000000447034836, 0.10690000170841812)
(0.30000000447034836, 0.10890000173822045)
(0.30000000447034836, 0.11090000176802278)
(0.20000000298023224, 0.11190000178292393)
(0.20000000298023224, 0.1129000017978251)
(0.20000000298023224, 0.11400000181049108)
(0.20000000298023224, 0.11510000182315708)
(0.20000000298023224, 0.11620000183582306)
(0.10000000149011612, 0.11620000183582306)
(0.10000000149011612, 0.11620000183582306)
(0.20000000298023224, 0.11720000185072423)
(0.10000000149011612, 0.11720000185072423)
(0.10000000149011612, 0.11720000185072423)
(0.20000000298023224, 0.11830000186339021)
(0.20000000298023224, 0.11930000187829137)
(0.09000000171363354, 0.11920000188052654)
(0.20000000298023224, 0.12030000189319252)
(0.20000000298023224, 0.12130000190809369)
(0.20000000298023224, 0.12240000192075967)
(0.10000000149011612, 0.1225000019185245)
(0.09000000171363354, 0.12240000192075967)
(0.30000000447034836, 0.124400001950562)
(0.19000000320374966, 0.12540000196546316)
(0.19000000320374966, 0.1263000019825995)
(0.10000000149011612, 0.12640000198036433)
(0.20000000298023224, 0.1275000019930303)
(0.20000000298023224, 0.12850000200793146)
(0.20000000298023224, 0.12950000202283263)
(0.10000000149011612, 0.12950000202283263)
(0.20000000298023224, 0.1305000020377338)
(0.20000000298023224, 0.1316000020503998)
(0.09000000171363354, 0.1316000020503998)
(0.10000000149011612, 0.1316000020503998)
(0.10000000149011612, 0.1316000020503998)
(0.09000000171363354, 0.13150000205263496)
(0.10000000149011612, 0.13150000205263496)
(0.20000000298023224, 0.13250000206753612)
(0.10000000149011612, 0.13250000206753612)
(0.20000000298023224, 0.13350000208243729)
(0.10000000149011612, 0.1336000020802021)
(0.10000000149011612, 0.13370000207796692)
(0.10000000149011612, 0.13370000207796692)
(0.10000000149011612, 0.13380000207573176)
(0.10000000149011612, 0.1339000020734966)
(0.09000000171363354, 0.13380000207573176)
(0.09000000171363354, 0.13380000207573176)
(0.19000000320374966, 0.13480000209063292)
(0.20000000298023224, 0.1359000021032989)
(0.10000000149011612, 0.1359000021032989)
(0.10000000149011612, 0.1359000021032989)
(0.20000000298023224, 0.1370000021159649)
(0.10000000149011612, 0.1370000021159649)
(0.10000000149011612, 0.13710000211372972)
(0.20000000298023224, 0.13820000212639572)
(0.10000000149011612, 0.13820000212639572)
(0.10000000149011612, 0.13830000212416052)
(0.09000000171363354, 0.13830000212416052)
(0.09000000171363354, 0.13820000212639572)
(0.10000000149011612, 0.13820000212639572)
(0.20000000298023224, 0.13920000214129685)
(0.10000000149011612, 0.13920000214129685)
(0.10000000149011612, 0.13920000214129685)
(0.10000000149011612, 0.13930000213906168)
(0.10000000149011612, 0.13940000213682652)
(0.30000000447034836, 0.14140000216662885)
(0.10000000149011612, 0.14140000216662885)
(0.10000000149011612, 0.14140000216662885)
(0.10000000149011612, 0.14140000216662885)
(0.10000000149011612, 0.14140000216662885)
(0.10000000149011612, 0.14140000216662885)
(0.20000000298023224, 0.14140000216662885)
(0.10000000149011612, 0.14050000214949251)
(0.19000000320374966, 0.14040000215172768)
(0.20000000298023224, 0.14040000215172768)
(0.10000000149011612, 0.14040000215172768)
(0.10000000149011612, 0.14040000215172768)
(0.10000000149011612, 0.13950000213459135)
(0.20000000298023224, 0.14050000214949251)
(0.10000000149011612, 0.14050000214949251)
(0.10000000149011612, 0.14050000214949251)
(0.10000000149011612, 0.13950000213459135)
(0.10000000149011612, 0.13950000213459135)
(0.10000000149011612, 0.13960000213235615)
(0.10000000149011612, 0.13960000213235615)
(0.10000000149011612, 0.139700002130121)
(0.10000000149011612, 0.139700002130121)
(0.10000000149011612, 0.139700002130121)
(0.10000000149011612, 0.139700002130121)
(0.10000000149011612, 0.139700002130121)
(0.10000000149011612, 0.139700002130121)
(0.10000000149011612, 0.139700002130121)
(0.10000000149011612, 0.139700002130121)
(0.10000000149011612, 0.139700002130121)
(0.10000000149011612, 0.13770000210031866)
(0.10000000149011612, 0.13770000210031866)
(0.10000000149011612, 0.13770000210031866)
(0.10000000149011612, 0.13770000210031866)
(0.10000000149011612, 0.13770000210031866)
(0.10000000149011612, 0.13770000210031866)
(0.10000000149011612, 0.1378000020980835)
(0.10000000149011612, 0.13580000206828116)
(0.10000000149011612, 0.13380000203847886)
(0.10000000149011612, 0.13180000200867653)
(0.10000000149011612, 0.13080000199377537)
(0.10000000149011612, 0.1298000019788742)
(0.10000000149011612, 0.12880000196397304)
(0.10000000149011612, 0.12780000194907187)
(0.10000000149011612, 0.12680000193417074)
(0.10000000149011612, 0.12680000193417074)
(0.10000000149011612, 0.12680000193417074)
(0.10000000149011612, 0.12580000191926957)
(0.10000000149011612, 0.12580000191926957)
(0.10000000149011612, 0.12580000191926957)
(0.09000000171363354, 0.12470000190660357)
(0.10000000149011612, 0.12370000189170241)
(0.10000000149011612, 0.12380000188946724)
(0.10000000149011612, 0.12280000187456608)
(0.10000000149011612, 0.12180000185966491)
(0.10000000149011612, 0.12080000184476375)
(0.10000000149011612, 0.12080000184476375)
(0.10000000149011612, 0.12090000184252858)
(0.4000000059604645, 0.12190000185742975)
(0.10000000149011612, 0.12100000184029341)
(0.10000000149011612, 0.12010000182315707)
(0.10000000149011612, 0.12010000182315707)
(0.10000000149011612, 0.11910000180825592)
(0.10000000149011612, 0.11810000179335475)
(0.30000000447034836, 0.11910000180825592)
(0.30000000447034836, 0.12110000183805823)
(0.10000000149011612, 0.12010000182315707)
(0.10000000149011612, 0.11910000180825592)
(0.4000000059604645, 0.12220000185072422)
(0.20000000298023224, 0.12320000186562538)
(0.20000000298023224, 0.12420000188052654)
(0.09000000171363354, 0.12420000188052654)
(0.10000000149011612, 0.12420000188052654)
(0.20000000298023224, 0.12420000188052654)
(0.20000000298023224, 0.1252000018954277)
(0.20000000298023224, 0.1252000018954277)
(0.30000000447034836, 0.12720000192523004)
(0.10000000149011612, 0.12720000192523004)
(0.10000000149011612, 0.12720000192523004)
(0.20000000298023224, 0.12820000194013118)
(0.10000000149011612, 0.12820000194013118)
(0.10000000149011612, 0.128300001937896)
(0.20000000298023224, 0.129400001950562)
(0.20000000298023224, 0.12950000194832684)
(0.30000000447034836, 0.13050000196322797)
(0.20000000298023224, 0.13150000197812914)
(0.2900000046938658, 0.13340000201016664)
(0.10000000149011612, 0.13240000199526547)
(0.10000000149011612, 0.13240000199526547)
(0.10000000149011612, 0.13240000199526547)
(0.10000000149011612, 0.13140000198036433)
(0.10000000149011612, 0.13140000198036433)
(0.5000000074505806, 0.13540000203996896)
(0.20000000298023224, 0.13650000205263496)
(0.9000000134110451, 0.14460000216960908)
(0.20000000298023224, 0.14560000218451022)
(0.20000000298023224, 0.14560000218451022)
(0.10000000149011612, 0.14560000218451022)
(0.10000000149011612, 0.14560000218451022)
(1.5000000223517418, 0.1596000023931265)
(0.10000000149011612, 0.1596000023931265)
(0.10000000149011612, 0.15760000236332417)
(0.10000000149011612, 0.15760000236332417)
(0.10000000149011612, 0.15760000236332417)
(0.30000000447034836, 0.1596000023931265)
(0.10000000149011612, 0.1596000023931265)
(0.10000000149011612, 0.1596000023931265)
(0.4000000059604645, 0.16160000242292882)
(0.10000000149011612, 0.16160000242292882)
(0.10000000149011612, 0.16070000240579246)
(0.6000000089406967, 0.16470000246539712)
(0.10000000149011612, 0.16470000246539712)
(0.10000000149011612, 0.16470000246539712)
(1.600000023841858, 0.17970000268891453)
(0.20000000298023224, 0.17970000268891453)
(0.4000000059604645, 0.18270000273361803)
(0.10000000149011612, 0.18270000273361803)
(0.800000011920929, 0.18970000283792615)
(0.10000000149011612, 0.18970000283792615)
(0.7000000104308128, 0.1957000029273331)
(0.30000000447034836, 0.19770000295713544)
(0.30000000447034836, 0.19970000298693777)
(0.4000000059604645, 0.20270000303164123)
(0.5000000074505806, 0.2067000030912459)
(1.0000000149011612, 0.21570000322535635)
(0.30000000447034836, 0.21770000325515868)
(0.10000000149011612, 0.21770000325515868)
(0.5000000074505806, 0.2217000033147633)
(0.10000000149011612, 0.2217000033147633)
(0.10000000149011612, 0.2217000033147633)
(0.5000000074505806, 0.22570000337436796)
(0.10000000149011612, 0.22570000337436796)
(0.4000000059604645, 0.22870000341907143)
(0.10000000149011612, 0.22870000341907143)
(0.6000000089406967, 0.23370000349357725)
(0.10000000149011612, 0.23370000349357725)
(2.500000037252903, 0.2577000038512051)
(2.2000000327825546, 0.2787000041641295)
(0.9000000134110451, 0.2867000042833388)
(2.600000038743019, 0.31170000465586784)
(0.6000000089406967, 0.31670000473037363)
(0.10000000149011612, 0.31670000473037363)
(0.09000000171363354, 0.3166000047326088)
(0.10000000149011612, 0.3166000047326088)
(0.20000000298023224, 0.31760000474750993)
(0.20000000298023224, 0.3186000047624111)
(0.6000000089406967, 0.3236000048369169)
(0.800000011920929, 0.33060000494122505)
(0.30000000447034836, 0.3326000049710274)
(0.4000000059604645, 0.33560000501573084)
(0.09000000171363354, 0.33560000501573084)
(0.2900000065565109, 0.3375000050663948)
(0.10000000149011612, 0.3375000050663948)
(0.10000000149011612, 0.3375000050663948)
(0.6000000089406967, 0.3425000051409006)
(0.2900000046938658, 0.3444000051729381)
(0.20000000298023224, 0.34540000518783925)
(0.5000000074505806, 0.3494000052474439)
(0.30000000447034836, 0.3484000052325428)
(1.2000000178813934, 0.3594000053964555)
(0.10000000149011612, 0.3594000053964555)
(0.10000000149011612, 0.3594000053964555)
(0.4000000059604645, 0.362400005441159)
(2.600000038743019, 0.38740000581368805)
(0.5000000074505806, 0.3894000058434904)
(0.30000000447034836, 0.3894000058434904)
(0.5900000091642141, 0.39430000592023134)
(0.20000000298023224, 0.3953000059351325)
(2.600000038743019, 0.41730000626295805)
(0.19000000320374966, 0.4172000062651932)
(0.30000000447034836, 0.4182000062800944)
(0.4000000059604645, 0.4213000063225627)
(0.20000000298023224, 0.42230000633746384)
(0.5000000074505806, 0.42530000638216736)
(0.10000000149011612, 0.42430000636726617)
(1.0000000149011612, 0.4323000064864755)
(0.6000000089406967, 0.43530000653117895)
(0.0, 0.4343000065162778)
(0.0, 0.4333000065013766)
(0.0, 0.4313000064715743)
(0.4000000059604645, 0.4343000065162778)
(1.1000000163912773, 0.4443000066652894)
(0.30000000447034836, 0.44530000668019054)
(0.30000000447034836, 0.44630000669509173)
(0.490000007674098, 0.44820000672712923)
(0.19000000320374966, 0.4481000067293644)
(0.4000000059604645, 0.44920000674203037)
(0.30000000447034836, 0.4512000067718327)
(0.10000000149011612, 0.4512000067718327)
(0.20000000298023224, 0.4522000067867339)
(0.2900000046938658, 0.4541000068187714)
(0.6000000089406967, 0.4591000068932772)
(0.9000000134110451, 0.46310000695288184)
(0.2900000046938658, 0.46400000697001814)
(0.4000000059604645, 0.45900000689551235)
(0.800000011920929, 0.46500000698491933)
(0.19000000320374966, 0.4649000069871545)
(0.20000000298023224, 0.46590000700205564)
(0.7900000121444464, 0.47280000710859893)
(0.5000000074505806, 0.46280000695958734)
(0.30000000447034836, 0.46480000698938967)
(0.5000000074505806, 0.4688000070489943)
(0.4000000059604645, 0.4718000070936978)
(1.1000000163912773, 0.4818000072427094)
(0.19000000320374966, 0.4807000072300434)
(0.20000000298023224, 0.48170000724494455)
(0.9000000134110451, 0.48970000736415387)
(0.4000000059604645, 0.48970000736415387)
(1.4000000208616257, 0.5027000075578689)
