(0.0, 0.0)
(0.0, 0.0)
(0.0, 0.0)
(0.0, 0.0)
(0.0, 0.0)
(0.0, 0.0)
(0.0, 0.0)
(0.0, 0.0)
(0.0, 0.0)
(0.0, 0.0)
(0.0, 0.0)
(0.0, 0.0)
(0.0, 0.0)
(0.0, 0.0)
(0.0, 0.0)
(0.0, 0.0)
(0.0, 0.0)
(0.0, 0.0)
(0.0, 0.0)
(0.0, 0.0)
(0.0, 0.0)
(0.0, 0.0)
(0.0, 0.0)
(0.0, 0.0)
(0.0, 0.0)
(0.0, 0.0)
(0.0, 0.0)
(0.0, 0.0)
(0.0, 0.0)
(0.0, 0.0)
(0.0, 0.0)
(0.0, 0.0)
(0.0, 0.0)
(0.0, 0.0)
(0.0, 0.0)
(0.0, 0.0)
(0.0, 0.0)
(0.0, 0.0)
(0.0, 0.0)
(0.0, 0.0)
(0.0, 0.0)
(0.0, 0.0)
(0.0, 0.0)
(0.0, 0.0)
(0.0, 0.0)
(0.0, 0.0)
(0.0, 0.0)
(0.0, 0.0)
(0.0, 0.0)
(0.0, 0.0)
(0.0, 0.0)
(0.0, 0.0)
(0.0, 0.0)
(0.0, 0.0)
(0.0, 0.0)
(0.0, 0.0)
(0.0, 0.0)
(0.0, 0.0)
(0.0, 0.0)
(0.0, 0.0)
(0.0, 0.0)
(0.0, 0.0)
(0.0, 0.0)
(0.0, 0.0)
(0.0, 0.0)
(0.0, 0.0)
(0.0, 0.0)
(0.0, 0.0)
(0.0, 0.0)
(0.0, 0.0)
(0.0, 0.0)
(0.0, 0.0)
(0.0, 0.0)
(0.0, 0.0)
(0.0, 0.0)
(0.0, 0.0)
(0.0, 0.0)
(0.0, 0.0)
(0.0, 0.0)
(0.0, 0.0)
(0.0, 0.0)
(0.0, 0.0)
(0.0, 0.0)
(0.0, 0.0)
(0.0, 0.0)
(0.0, 0.0)
(0.0, 0.0)
(0.0, 0.0)
(0.0, 0.0)
(0.0, 0.0)
(0.0, 0.0)
(0.0, 0.0)
(0.0, 0.0)
(0.0, 0.0)
(0.0, 0.0)
(0.0, 0.0)
(0.0, 0.0)
(0.0, 0.0)
(0.0, 0.0)
(0.0, 0.0)
(0.0, 0.0)
(0.0, 0.0)
(0.0, 0.0)
(0.0, 0.0)
(0.0, 0.0)
(0.0, 0.0)
(0.0, 0.0)
(0.0, 0.0)
(0.0, 0.0)
(0.0, 0.0)
(0.0, 0.0)
(0.0, 0.0)
(0.0, 0.0)
(0.0, 0.0)
(0.0, 0.0)
(0.0, 0.0)
(0.0, 0.0)
(0.0, 0.0)
(0.0, 0.0)
(0.0, 0.0)
(0.0, 0.0)
(0.0, 0.0)
(0.0, 0.0)
(0.0, 0.0)
(0.0, 0.0)
(0.0, 0.0)
(0.0, 0.0)
(0.0, 0.0)
(0.0, 0.0)
(0.0, 0.0)
(0.0, 0.0)
(0.0, 0.0)
(0.0, 0.0)
(0.0, 0.0)
(0.0, 0.0)
(0.0, 0.0)
(0.0, 0.0)
(0.0, 0.0)
(0.0, 0.0)
(0.0, 0.0)
(0.0, 0.0)
(0.0, 0.0)
(0.0, 0.0)
(0.0, 0.0)
(0.0, 0.0)
(0.0, 0.0)
(0.0, 0.0)
(0.0, 0.0)
(0.0, 0.0)
(0.0, 0.0)
(0.0, 0.0)
(0.0, 0.0)
(0.0, 0.0)
(0.0, 0.0)
(0.0, 0.0)
(0.0, 0.0)
(0.0, 0.0)
(0.0, 0.0)
(0.0, 0.0)
(0.0, 0.0)
(0.0, 0.0)
(0.0, 0.0)
(0.0, 0.0)
(0.0, 0.0)
(0.0, 0.0)
(0.0, 0.0)
(0.0, 0.0)
(0.0, 0.0)
(0.0, 0.0)
(0.0, 0.0)
(0.0, 0.0)
(0.0, 0.0)
(0.0, 0.0)
(0.0, 0.0)
(0.0, 0.0)
(0.0, 0.0)
(0.0, 0.0)
(0.0, 0.0)
(0.0, 0.0)
(0.0, 0.0)
(0.0, 0.0)
(0.0, 0.0)
(0.0, 0.0)
(0.0, 0.0)
(0.0, 0.0)
(0.0, 0.0)
(0.0, 0.0)
(0.0, 0.0)
(0.0, 0.0)
(0.0, 0.0)
(0.0, 0.0)
(0.0, 0.0)
(0.0, 0.0)
(0.0, 0.0)
(0.0, 0.0)
(0.0, 0.0)
(0.0, 0.0)
(0.0, 0.0)
(0.0, 0.0)
(0.0, 0.0)
(0.0, 0.0)
(0.0, 0.0)
(0.0, 0.0)
(0.0, 0.0)
(0.0, 0.0)
(0.0, 0.0)
(0.0, 0.0)
(0.0, 0.0)
(0.0, 0.0)
(0.0, 0.0)
(0.0, 0.0)
(0.0, 0.0)
(0.0, 0.0)
(0.0, 0.0)
(0.0, 0.0)
(0.0, 0.0)
(0.0, 0.0)
(0.0, 0.0)
(0.0, 0.0)
(0.0, 0.0)
(0.0, 0.0)
(0.0, 0.0)
(0.0, 0.0)
(0.0, 0.0)
(0.0, 0.0)
(0.0, 0.0)
(0.0, 0.0)
(0.0, 0.0)
(0.0, 0.0)
(0.0, 0.0)
(0.0, 0.0)
(0.0, 0.0)
(0.0, 0.0)
(0.0, 0.0)
(0.0, 0.0)
(0.0, 0.0)
(0.0, 0.0)
(0.0, 0.0)
(0.0, 0.0)
(0.0, 0.0)
(0.0, 0.0)
(0.0, 0.0)
(0.0, 0.0)
(0.0, 0.0)
(0.0, 0.0)
(0.0, 0.0)
(0.0, 0.0)
(0.0, 0.0)
(0.0, 0.0)
(0.0, 0.0)
(0.0, 0.0)
(0.0, 0.0)
(0.0, 0.0)
(0.0, 0.0)
(0.0, 0.0)
(0.0, 0.0)
(0.0, 0.0)
(0.0, 0.0)
(0.0, 0.0)
(0.0, 0.0)
(0.0, 0.0)
(0.0, 0.0)
(0.0, 0.0)
(0.0, 0.0)
(0.0, 0.0)
(0.0, 0.0)
(0.0, 0.0)
(0.0, 0.0)
(0.0, 0.0)
(0.0, 0.0)
(0.0, 0.0)
(0.0, 0.0)
(0.0, 0.0)
(0.0, 0.0)
(0.0, 0.0)
(0.0, 0.0)
(0.0, 0.0)
(0.0, 0.0)
(0.0, 0.0)
(0.0, 0.0)
(0.0, 0.0)
(0.0, 0.0)
(0.0, 0.0)
(0.0, 0.0)
(0.0, 0.0)
(0.0, 0.0)
(0.0, 0.0)
(0.0, 0.0)
(0.0, 0.0)
(0.0, 0.0)
(0.0, 0.0)
(0.0, 0.0)
(0.0, 0.0)
(0.0, 0.0)
(0.0, 0.0)
(0.0, 0.0)
(0.0, 0.0)
(0.0, 0.0)
(0.0, 0.0)
(0.0, 0.0)
(0.0, 0.0)
(0.0, 0.0)
(0.0, 0.0)
(0.0, 0.0)
(0.0, 0.0)
(0.0, 0.0)
(0.0, 0.0)
(0.0, 0.0)
(0.0, 0.0)
(0.0, 0.0)
(0.0, 0.0)
(0.0, 0.0)
(0.0, 0.0)
(0.0, 0.0)
(0.0, 0.0)
(0.0, 0.0)
(0.0, 0.0)
(0.0, 0.0)
(0.0, 0.0)
(0.0, 0.0)
(0.0, 0.0)
(0.0, 0.0)
(0.0, 0.0)
(0.0, 0.0)
(0.0, 0.0)
(0.0, 0.0)
(0.0, 0.0)
(0.0, 0.0)
(0.0, 0.0)
(0.0, 0.0)
(0.0, 0.0)
(0.0, 0.0)
(0.0, 0.0)
(0.0, 0.0)
(0.0, 0.0)
(0.0, 0.0)
(0.0, 0.0)
(0.0, 0.0)
(0.0, 0.0)
(0.0, 0.0)
(0.0, 0.0)
(0.0, 0.0)
(0.0, 0.0)
(0.0, 0.0)
(0.0, 0.0)
(0.0, 0.0)
(0.0, 0.0)
(0.0, 0.0)
(0.0, 0.0)
(0.0, 0.0)
(0.0, 0.0)
(0.0, 0.0)
(0.0, 0.0)
(0.0, 0.0)
(0.0, 0.0)
(0.0, 0.0)
(0.0, 0.0)
(0.0, 0.0)
(0.0, 0.0)
(0.0, 0.0)
(0.0, 0.0)
(0.0, 0.0)
(0.0, 0.0)
(0.0, 0.0)
(0.0, 0.0)
(0.0, 0.0)
(0.0, 0.0)
(0.0, 0.0)
(0.0, 0.0)
(0.0, 0.0)
(0.0, 0.0)
(0.10000000149011612, 0.0010000000149011613)
(0.10000000149011612, 0.0020000000298023225)
(0.0, 0.0020000000298023225)
(0.0, 0.0020000000298023225)
(0.10000000149011612, 0.0030000000447034836)
(0.10000000149011612, 0.004000000059604645)
(0.10000000149011612, 0.005000000074505806)
(0.10000000149011612, 0.006000000089406967)
(0.0, 0.006000000089406967)
(0.0, 0.006000000089406967)
(0.0, 0.006000000089406967)
(0.0, 0.006000000089406967)
(0.0, 0.006000000089406967)
(0.0, 0.006000000089406967)
(0.0, 0.006000000089406967)
(0.0, 0.006000000089406967)
(0.0, 0.006000000089406967)
(0.0, 0.006000000089406967)
(0.0, 0.006000000089406967)
(0.0, 0.006000000089406967)
(0.0, 0.006000000089406967)
(0.0, 0.006000000089406967)
(0.0, 0.006000000089406967)
(0.0, 0.006000000089406967)
(0.0, 0.006000000089406967)
(0.0, 0.006000000089406967)
(0.0, 0.006000000089406967)
(0.0, 0.006000000089406967)
(0.0, 0.006000000089406967)
(0.0, 0.006000000089406967)
(0.0, 0.006000000089406967)
(0.0, 0.006000000089406967)
(0.0, 0.006000000089406967)
(0.0, 0.006000000089406967)
(0.0, 0.006000000089406967)
(0.0, 0.006000000089406967)
(0.0, 0.006000000089406967)
(0.0, 0.006000000089406967)
(0.0, 0.006000000089406967)
(0.0, 0.006000000089406967)
(0.0, 0.006000000089406967)
(0.0, 0.006000000089406967)
(0.0, 0.006000000089406967)
(0.0, 0.006000000089406967)
(0.09000000171363354, 0.006900000106543303)
(0.09000000171363354, 0.007800000123679638)
(0.0, 0.007800000123679638)
(0.0, 0.007800000123679638)
(0.0, 0.007800000123679638)
(0.0, 0.007800000123679638)
(0.0, 0.007800000123679638)
(0.0, 0.007800000123679638)
(0.0, 0.007800000123679638)
(0.0, 0.007800000123679638)
(0.0, 0.007800000123679638)
(0.0, 0.007800000123679638)
(0.0, 0.007800000123679638)
(0.0, 0.007800000123679638)
(0.0, 0.007800000123679638)
(0.0, 0.007800000123679638)
(0.0, 0.007800000123679638)
(0.0, 0.007800000123679638)
(0.0, 0.007800000123679638)
(0.0, 0.007800000123679638)
(0.0, 0.007800000123679638)
(0.0, 0.007800000123679638)
(0.0, 0.007800000123679638)
(0.0, 0.007800000123679638)
(0.0, 0.007800000123679638)
(0.0, 0.007800000123679638)
(0.0, 0.007800000123679638)
(0.0, 0.007800000123679638)
(0.0, 0.007800000123679638)
(0.0, 0.007800000123679638)
(0.0, 0.007800000123679638)
(0.0, 0.007800000123679638)
(0.0, 0.007800000123679638)
(0.0, 0.007800000123679638)
(0.0, 0.007800000123679638)
(0.0, 0.007800000123679638)
(0.0, 0.007800000123679638)
(0.10000000149011612, 0.008800000138580798)
(0.09000000171363354, 0.009700000155717134)
(0.0, 0.009700000155717134)
(0.0, 0.009700000155717134)
(0.0, 0.009700000155717134)
(0.0, 0.009700000155717134)
(0.0, 0.009700000155717134)
(0.0, 0.009700000155717134)
(0.0, 0.009700000155717134)
(0.0, 0.009700000155717134)
(0.0, 0.009700000155717134)
(0.0, 0.009700000155717134)
(0.0, 0.009700000155717134)
(0.0, 0.009700000155717134)
(0.0, 0.009700000155717134)
(0.0, 0.009700000155717134)
(0.0, 0.009700000155717134)
(0.0, 0.009700000155717134)
(0.0, 0.009700000155717134)
(0.0, 0.008700000140815973)
(0.0, 0.007700000125914812)
(0.0, 0.007700000125914812)
(0.0, 0.007700000125914812)
(0.0, 0.006700000111013651)
(0.0, 0.00570000009611249)
(0.0, 0.004700000081211329)
(0.0, 0.003700000066310167)
(0.0, 0.003700000066310167)
(0.0, 0.003700000066310167)
(0.0, 0.003700000066310167)
(0.0, 0.003700000066310167)
(0.0, 0.003700000066310167)
(0.0, 0.003700000066310167)
(0.0, 0.003700000066310167)
(0.0, 0.003700000066310167)
(0.0, 0.003700000066310167)
(0.0, 0.003700000066310167)
(0.0, 0.003700000066310167)
(0.0, 0.003700000066310167)
(0.0, 0.003700000066310167)
(0.0, 0.003700000066310167)
(0.0, 0.003700000066310167)
(0.0, 0.003700000066310167)
(0.0, 0.003700000066310167)
(0.0, 0.003700000066310167)
(0.0, 0.003700000066310167)
(0.0, 0.003700000066310167)
(0.0, 0.003700000066310167)
(0.0, 0.003700000066310167)
(0.0, 0.003700000066310167)
(0.0, 0.003700000066310167)
(0.0, 0.003700000066310167)
(0.0, 0.003700000066310167)
(0.0, 0.003700000066310167)
(0.0, 0.003700000066310167)
(0.0, 0.003700000066310167)
(0.0, 0.003700000066310167)
(0.0, 0.003700000066310167)
(0.0, 0.003700000066310167)
(0.0, 0.003700000066310167)
(0.0, 0.003700000066310167)
(0.0, 0.003700000066310167)
(0.0, 0.003700000066310167)
(0.0, 0.002800000049173832)
(0.0, 0.0019000000320374966)
(0.0, 0.0019000000320374966)
(0.0, 0.0019000000320374966)
(0.0, 0.0019000000320374966)
(0.0, 0.0019000000320374966)
(0.0, 0.0019000000320374966)
(0.0, 0.0019000000320374966)
(0.0, 0.0019000000320374966)
(0.0, 0.0019000000320374966)
(0.0, 0.0019000000320374966)
(0.0, 0.0019000000320374966)
(0.0, 0.0019000000320374966)
(0.0, 0.0019000000320374966)
(0.0, 0.0019000000320374966)
(0.0, 0.0019000000320374966)
(0.0, 0.0019000000320374966)
(0.0, 0.0019000000320374966)
(0.0, 0.0019000000320374966)
(0.0, 0.0019000000320374966)
(0.0, 0.0019000000320374966)
(0.0, 0.0019000000320374966)
(0.0, 0.0019000000320374966)
(0.0, 0.0019000000320374966)
(0.0, 0.0019000000320374966)
(0.0, 0.0019000000320374966)
(0.0, 0.0019000000320374966)
(0.0, 0.0019000000320374966)
(0.0, 0.0019000000320374966)
(0.0, 0.0019000000320374966)
(0.0, 0.0019000000320374966)
(0.0, 0.0019000000320374966)
(0.0, 0.0019000000320374966)
(0.0, 0.0019000000320374966)
(0.0, 0.0019000000320374966)
(0.0, 0.0019000000320374966)
(0.0, 0.0019000000320374966)
(0.0, 0.0009000000171363354)
(0.0, 0.0)
(0.0, 0.0)
(0.0, 0.0)
(0.0, 0.0)
(0.0, 0.0)
(0.0, 0.0)
(0.0, 0.0)
(0.0, 0.0)
(0.0, 0.0)
(0.0, 0.0)
(0.0, 0.0)
(0.0, 0.0)
(0.0, 0.0)
(0.0, 0.0)
(0.0, 0.0)
(0.0, 0.0)
(0.0, 0.0)
(0.0, 0.0)
(0.0, 0.0)
(0.0, 0.0)
(0.0, 0.0)
(0.0, 0.0)
(0.0, 0.0)
(0.20000000298023224, 0.0020000000298023225)
(0.0, 0.0020000000298023225)
(0.0, 0.0020000000298023225)
(0.0, 0.0020000000298023225)
(0.0, 0.0020000000298023225)
(0.0, 0.0020000000298023225)
(0.0, 0.0020000000298023225)
(0.0, 0.0020000000298023225)
(0.0, 0.0020000000298023225)
(0.0, 0.0020000000298023225)
(0.0, 0.0020000000298023225)
(0.0, 0.0020000000298023225)
(0.0, 0.0020000000298023225)
(0.0, 0.0020000000298023225)
(0.0, 0.0020000000298023225)
(0.0, 0.0020000000298023225)
(0.0, 0.0020000000298023225)
(0.0, 0.0020000000298023225)
(0.0, 0.0020000000298023225)
(0.0, 0.0020000000298023225)
(0.0, 0.0020000000298023225)
(0.0, 0.0020000000298023225)
(0.0, 0.0020000000298023225)
(0.0, 0.0020000000298023225)
(0.0, 0.0020000000298023225)
(0.0, 0.0020000000298023225)
(0.0, 0.0020000000298023225)
(0.0, 0.0020000000298023225)
(0.0, 0.0020000000298023225)
(0.0, 0.0020000000298023225)
(0.0, 0.0020000000298023225)
(0.0, 0.0020000000298023225)
(0.0, 0.0020000000298023225)
(0.0, 0.0020000000298023225)
(0.0, 0.0020000000298023225)
(0.0, 0.0020000000298023225)
(0.0, 0.0020000000298023225)
(0.0, 0.0020000000298023225)
(0.0, 0.0020000000298023225)
(0.0, 0.0020000000298023225)
(0.0, 0.0020000000298023225)
(0.0, 0.0020000000298023225)
(0.0, 0.0020000000298023225)
(0.0, 0.0020000000298023225)
(0.0, 0.0020000000298023225)
(0.0, 0.0020000000298023225)
(0.0, 0.0020000000298023225)
(0.0, 0.0020000000298023225)
(0.0, 0.0020000000298023225)
(0.0, 0.0020000000298023225)
(0.0, 0.0020000000298023225)
(0.0, 0.0020000000298023225)
(0.0, 0.0020000000298023225)
(0.0, 0.0020000000298023225)
(0.0, 0.0020000000298023225)
(0.0, 0.0020000000298023225)
(0.0, 0.0020000000298023225)
(0.0, 0.0020000000298023225)
(0.0, 0.0020000000298023225)
(0.0, 0.0020000000298023225)
(0.0, 0.0020000000298023225)
(0.0, 0.0020000000298023225)
(0.0, 0.0020000000298023225)
(0.0, 0.0020000000298023225)
(0.0, 0.0020000000298023225)
(0.0, 0.0020000000298023225)
(0.0, 0.0020000000298023225)
(0.0, 0.0020000000298023225)
(0.0, 0.0020000000298023225)
(0.0, 0.0020000000298023225)
(0.0, 0.0020000000298023225)
(0.0, 0.0020000000298023225)
(0.0, 0.0020000000298023225)
(0.0, 0.0020000000298023225)
(0.0, 0.0020000000298023225)
(0.0, 0.0020000000298023225)
(0.0, 0.0020000000298023225)
(0.0, 0.0020000000298023225)
(0.0, 0.0020000000298023225)
(0.0, 0.0020000000298023225)
(0.0, 0.0020000000298023225)
(0.0, 0.0020000000298023225)
(0.0, 0.0020000000298023225)
(0.0, 0.0020000000298023225)
(0.0, 0.0020000000298023225)
(0.0, 0.0020000000298023225)
(0.0, 0.0020000000298023225)
(0.0, 0.0020000000298023225)
(0.0, 0.0020000000298023225)
(0.0, 0.0020000000298023225)
(0.0, 0.0020000000298023225)
(0.0, 0.0020000000298023225)
(0.0, 0.0020000000298023225)
(0.0, 0.0020000000298023225)
(0.0, 0.0020000000298023225)
(0.0, 0.0020000000298023225)
(0.0, 0.0020000000298023225)
(0.0, 0.0020000000298023225)
(0.0, 0.0020000000298023225)
(0.0, 0.0020000000298023225)
(0.0, 0.0)
(0.0, 0.0)
(0.0, 0.0)
(0.0, 0.0)
(0.0, 0.0)
(0.0, 0.0)
(0.0, 0.0)
(0.0, 0.0)
(0.0, 0.0)
(0.0, 0.0)
(0.0, 0.0)
(0.0, 0.0)
(0.0, 0.0)
(0.0, 0.0)
(0.0, 0.0)
(0.0, 0.0)
(0.0, 0.0)
(0.0, 0.0)
(0.0, 0.0)
(0.0, 0.0)
(0.0, 0.0)
(0.0, 0.0)
(0.0, 0.0)
(0.0, 0.0)
(0.0, 0.0)
(0.0, 0.0)
(0.0, 0.0)
(0.0, 0.0)
(0.0, 0.0)
(0.0, 0.0)
(0.0, 0.0)
(0.0, 0.0)
(0.0, 0.0)
(0.0, 0.0)
(0.0, 0.0)
(0.0, 0.0)
(0.0, 0.0)
(0.0, 0.0)
(0.0, 0.0)
(0.0, 0.0)
(0.0, 0.0)
(0.0, 0.0)
(0.0, 0.0)
(0.0, 0.0)
(0.0, 0.0)
(0.0, 0.0)
(0.0, 0.0)
(0.0, 0.0)
(0.0, 0.0)
(0.0, 0.0)
(0.0, 0.0)
(0.0, 0.0)
(0.0, 0.0)
(0.0, 0.0)
(0.0, 0.0)
(0.0, 0.0)
(0.0, 0.0)
(0.0, 0.0)
(0.0, 0.0)
(0.0, 0.0)
(0.0, 0.0)
(0.0, 0.0)
(0.0, 0.0)
(0.0, 0.0)
(0.0, 0.0)
(0.0, 0.0)
(0.0, 0.0)
(0.0, 0.0)
(0.0, 0.0)
(0.0, 0.0)
(0.0, 0.0)
(0.0, 0.0)
(0.0, 0.0)
(0.0, 0.0)
(0.0, 0.0)
(0.0, 0.0)
(0.0, 0.0)
(0.0, 0.0)
(0.0, 0.0)
(0.0, 0.0)
(0.0, 0.0)
(0.0, 0.0)
(0.0, 0.0)
(0.0, 0.0)
(0.0, 0.0)
(0.0, 0.0)
(0.0, 0.0)
(0.0, 0.0)
(0.0, 0.0)
(0.0, 0.0)
(0.0, 0.0)
(0.0, 0.0)
(0.0, 0.0)
(0.0, 0.0)
(0.0, 0.0)
(0.0, 0.0)
(0.0, 0.0)
(0.0, 0.0)
(0.0, 0.0)
(0.0, 0.0)
(0.0, 0.0)
(0.0, 0.0)
(0.0, 0.0)
(0.0, 0.0)
(0.0, 0.0)
(0.0, 0.0)
(0.0, 0.0)
(0.0, 0.0)
(0.0, 0.0)
(0.0, 0.0)
(0.0, 0.0)
(0.0, 0.0)
(0.0, 0.0)
(0.0, 0.0)
(0.0, 0.0)
(0.0, 0.0)
(0.0, 0.0)
(0.0, 0.0)
(0.0, 0.0)
(0.0, 0.0)
(0.0, 0.0)
(0.0, 0.0)
(0.0, 0.0)
(0.0, 0.0)
(0.0, 0.0)
(0.0, 0.0)
(0.0, 0.0)
(0.0, 0.0)
(0.0, 0.0)
(0.0, 0.0)
(0.0, 0.0)
(0.0, 0.0)
(0.0, 0.0)
(0.0, 0.0)
(0.0, 0.0)
(0.0, 0.0)
(0.0, 0.0)
(0.0, 0.0)
(0.0, 0.0)
(0.0, 0.0)
(0.0, 0.0)
(0.0, 0.0)
(0.0, 0.0)
(0.0, 0.0)
(0.0, 0.0)
(0.0, 0.0)
(0.0, 0.0)
(0.0, 0.0)
(0.0, 0.0)
(0.0, 0.0)
(0.0, 0.0)
(0.0, 0.0)
(0.0, 0.0)
(0.0, 0.0)
(0.0, 0.0)
(0.0, 0.0)
(0.0, 0.0)
(0.0, 0.0)
(0.0, 0.0)
(0.0, 0.0)
(0.0, 0.0)
(0.0, 0.0)
(0.0, 0.0)
(0.0, 0.0)
(0.0, 0.0)
(0.0, 0.0)
(0.0, 0.0)
(0.0, 0.0)
(0.0, 0.0)
(0.0, 0.0)
(0.0, 0.0)
(0.0, 0.0)
(0.0, 0.0)
(0.0, 0.0)
(0.0, 0.0)
(0.0, 0.0)
(0.0, 0.0)
(0.0, 0.0)
(0.0, 0.0)
(0.0, 0.0)
(0.0, 0.0)
(0.0, 0.0)
(0.0, 0.0)
(0.0, 0.0)
(0.0, 0.0)
(0.0, 0.0)
(0.0, 0.0)
(0.0, 0.0)
(0.0, 0.0)
(0.0, 0.0)
(0.0, 0.0)
(0.0, 0.0)
(0.0, 0.0)
(0.0, 0.0)
(0.0, 0.0)
(0.0, 0.0)
(0.0, 0.0)
(0.0, 0.0)
(0.0, 0.0)
(0.0, 0.0)
(0.0, 0.0)
(0.0, 0.0)
(0.0, 0.0)
(0.0, 0.0)
(0.0, 0.0)
(0.0, 0.0)
(0.0, 0.0)
(0.0, 0.0)
(0.0, 0.0)
(0.0, 0.0)
(0.0, 0.0)
(0.0, 0.0)
(0.0, 0.0)
(0.0, 0.0)
(0.0, 0.0)
(0.0, 0.0)
(0.0, 0.0)
(0.0, 0.0)
(0.0, 0.0)
(0.0, 0.0)
(0.0, 0.0)
(0.0, 0.0)
(0.0, 0.0)
(0.0, 0.0)
(0.0, 0.0)
(0.0, 0.0)
(0.0, 0.0)
(0.0, 0.0)
(0.0, 0.0)
(0.0, 0.0)
(0.0, 0.0)
(0.0, 0.0)
(0.0, 0.0)
(0.0, 0.0)
(0.0, 0.0)
(0.0, 0.0)
(0.0, 0.0)
(0.0, 0.0)
(0.0, 0.0)
(0.0, 0.0)
(0.0, 0.0)
(0.0, 0.0)
(0.0, 0.0)
(0.0, 0.0)
(0.0, 0.0)
(0.0, 0.0)
(0.0, 0.0)
(0.0, 0.0)
(0.0, 0.0)
(0.0, 0.0)
(0.0, 0.0)
(0.0, 0.0)
(0.0, 0.0)
(0.0, 0.0)
(0.0, 0.0)
(0.0, 0.0)
(0.0, 0.0)
(0.0, 0.0)
(0.0, 0.0)
(0.0, 0.0)
(0.0, 0.0)
(0.0, 0.0)
(0.0, 0.0)
(0.0, 0.0)
(0.0, 0.0)
(0.0, 0.0)
(0.0, 0.0)
(0.0, 0.0)
(0.0, 0.0)
(0.0, 0.0)
(0.0, 0.0)
(0.0, 0.0)
(0.0, 0.0)
(0.0, 0.0)
(0.0, 0.0)
(0.0, 0.0)
(0.0, 0.0)
(0.0, 0.0)
(0.0, 0.0)
(0.0, 0.0)
(0.0, 0.0)
(0.0, 0.0)
(0.0, 0.0)
(0.0, 0.0)
(0.0, 0.0)
(0.0, 0.0)
(0.0, 0.0)
(0.0, 0.0)
(0.0, 0.0)
(0.0, 0.0)
(0.0, 0.0)
(0.0, 0.0)
(0.0, 0.0)
(0.0, 0.0)
(0.0, 0.0)
(0.0, 0.0)
(0.0, 0.0)
(0.0, 0.0)
(0.0, 0.0)
(0.0, 0.0)
(0.0, 0.0)
(0.0, 0.0)
(0.0, 0.0)
(0.0, 0.0)
(0.0, 0.0)
(0.0, 0.0)
(0.0, 0.0)
(0.0, 0.0)
(0.0, 0.0)
(0.0, 0.0)
(0.0, 0.0)
(0.0, 0.0)
(0.0, 0.0)
(0.0, 0.0)
(0.0, 0.0)
(0.0, 0.0)
(0.0, 0.0)
(0.0, 0.0)
(0.0, 0.0)
(0.0, 0.0)
(0.0, 0.0)
(0.0, 0.0)
(0.0, 0.0)
(0.0, 0.0)
(0.0, 0.0)
(0.0, 0.0)
(0.0, 0.0)
(0.0, 0.0)
(0.0, 0.0)
(0.0, 0.0)
(0.0, 0.0)
(0.0, 0.0)
(0.0, 0.0)
(0.0, 0.0)
(0.0, 0.0)
(0.0, 0.0)
(0.0, 0.0)
(0.0, 0.0)
(0.0, 0.0)
(0.0, 0.0)
(0.0, 0.0)
(0.0, 0.0)
(0.0, 0.0)
(0.0, 0.0)
(0.0, 0.0)
(0.0, 0.0)
(0.0, 0.0)
(0.0, 0.0)
(0.0, 0.0)
(0.0, 0.0)
(0.0, 0.0)
(0.0, 0.0)
(0.0, 0.0)
(0.0, 0.0)
(0.0, 0.0)
(0.0, 0.0)
(0.0, 0.0)
(0.0, 0.0)
(0.0, 0.0)
(0.0, 0.0)
(0.0, 0.0)
(0.0, 0.0)
(0.0, 0.0)
(0.0, 0.0)
(0.0, 0.0)
(0.0, 0.0)
(0.0, 0.0)
(0.0, 0.0)
(0.0, 0.0)
(0.0, 0.0)
(0.0, 0.0)
(0.0, 0.0)
(0.0, 0.0)
(0.0, 0.0)
(0.0, 0.0)
(0.0, 0.0)
(0.0, 0.0)
(0.0, 0.0)
(0.0, 0.0)
(0.0, 0.0)
(0.0, 0.0)
(0.0, 0.0)
(0.0, 0.0)
(0.0, 0.0)
(0.0, 0.0)
(0.0, 0.0)
(0.0, 0.0)
(0.0, 0.0)
(0.0, 0.0)
(0.0, 0.0)
(0.0, 0.0)
(0.0, 0.0)
(0.0, 0.0)
(0.0, 0.0)
(0.0, 0.0)
(0.0, 0.0)
(0.0, 0.0)
(0.0, 0.0)
(0.0, 0.0)
(0.0, 0.0)
(0.0, 0.0)
(0.0, 0.0)
(0.0, 0.0)
(0.0, 0.0)
(0.0, 0.0)
(0.0, 0.0)
(0.0, 0.0)
(0.0, 0.0)
(0.0, 0.0)
(0.0, 0.0)
(0.0, 0.0)
(0.0, 0.0)
(0.0, 0.0)
(0.0, 0.0)
(0.0, 0.0)
(0.0, 0.0)
(0.0, 0.0)
(0.0, 0.0)
(0.0, 0.0)
(0.0, 0.0)
(0.0, 0.0)
(0.0, 0.0)
(0.0, 0.0)
(0.0, 0.0)
(0.0, 0.0)
(0.0, 0.0)
(0.0, 0.0)
(0.0, 0.0)
(0.0, 0.0)
(0.0, 0.0)
(0.0, 0.0)
(0.0, 0.0)
(0.0, 0.0)
(0.0, 0.0)
(0.0, 0.0)
(0.0, 0.0)
(0.0, 0.0)
(0.0, 0.0)
(0.0, 0.0)
(0.0, 0.0)
(0.0, 0.0)
(0.0, 0.0)
(0.0, 0.0)
(0.0, 0.0)
(0.0, 0.0)
(0.0, 0.0)
(0.0, 0.0)
(0.0, 0.0)
(0.0, 0.0)
(0.0, 0.0)
(0.0, 0.0)
(0.0, 0.0)
(0.0, 0.0)
(0.0, 0.0)
(0.0, 0.0)
(0.0, 0.0)
(0.0, 0.0)
(0.0, 0.0)
(0.0, 0.0)
(0.10000000149011612, 0.0010000000149011613)
(0.10000000149011612, 0.0020000000298023225)
(0.0, 0.0020000000298023225)
(0.0, 0.0020000000298023225)
(0.0, 0.0020000000298023225)
(0.0, 0.0020000000298023225)
(0.0, 0.0020000000298023225)
(0.0, 0.0020000000298023225)
(0.0, 0.0020000000298023225)
(0.0, 0.0020000000298023225)
(0.0, 0.0020000000298023225)
(0.0, 0.0020000000298023225)
(0.0, 0.0020000000298023225)
(0.0, 0.0020000000298023225)
(0.0, 0.0020000000298023225)
(0.0, 0.0020000000298023225)
(0.0, 0.0020000000298023225)
(0.0, 0.0020000000298023225)
(0.0, 0.0020000000298023225)
(0.0, 0.0020000000298023225)
(0.0, 0.0020000000298023225)
(0.0, 0.0020000000298023225)
(0.0, 0.0020000000298023225)
(0.0, 0.0020000000298023225)
(0.0, 0.0020000000298023225)
(0.0, 0.0020000000298023225)
(0.0, 0.0020000000298023225)
(0.0, 0.0020000000298023225)
(0.0, 0.0020000000298023225)
(0.0, 0.0020000000298023225)
(0.0, 0.0020000000298023225)
(0.0, 0.0020000000298023225)
(0.09000000171363354, 0.0029000000469386576)
(0.0, 0.0029000000469386576)
(0.0, 0.0029000000469386576)
(0.0, 0.0029000000469386576)
(0.0, 0.0029000000469386576)
(0.0, 0.0029000000469386576)
(0.10000000149011612, 0.003900000061839819)
(0.10000000149011612, 0.00490000007674098)
(0.0, 0.00490000007674098)
(0.0, 0.00490000007674098)
(0.0, 0.00490000007674098)
(0.0, 0.00490000007674098)
(0.0, 0.00490000007674098)
(0.0, 0.00490000007674098)
(0.0, 0.00490000007674098)
(0.0, 0.00490000007674098)
(0.0, 0.00490000007674098)
(0.0, 0.00490000007674098)
(0.0, 0.00490000007674098)
(0.0, 0.00490000007674098)
(0.0, 0.00490000007674098)
(0.0, 0.00490000007674098)
(0.0, 0.00490000007674098)
(0.0, 0.00490000007674098)
(0.0, 0.00490000007674098)
(0.0, 0.00490000007674098)
(0.10000000149011612, 0.005900000091642142)
(0.10000000149011612, 0.006900000106543303)
(0.0, 0.006900000106543303)
(0.0, 0.006900000106543303)
(0.0, 0.006900000106543303)
(0.0, 0.006900000106543303)
(0.0, 0.006900000106543303)
(0.0, 0.006900000106543303)
(0.0, 0.006900000106543303)
(0.0, 0.006900000106543303)
(0.0, 0.006900000106543303)
(0.0, 0.006900000106543303)
(0.0, 0.006900000106543303)
(0.0, 0.006900000106543303)
(0.0, 0.006900000106543303)
(0.0, 0.006900000106543303)
(0.0, 0.006900000106543303)
(0.0, 0.006900000106543303)
(0.0, 0.006900000106543303)
(0.0, 0.006900000106543303)
(0.0, 0.006900000106543303)
(0.0, 0.006900000106543303)
(0.0, 0.006900000106543303)
(0.0, 0.006900000106543303)
(0.0, 0.006900000106543303)
(0.0, 0.006900000106543303)
(0.0, 0.006900000106543303)
(0.0, 0.006900000106543303)
(0.0, 0.006900000106543303)
(0.0, 0.006900000106543303)
(0.0, 0.006900000106543303)
(0.0, 0.006900000106543303)
(0.0, 0.006900000106543303)
(0.0, 0.006900000106543303)
(0.0, 0.006900000106543303)
(0.0, 0.006900000106543303)
(0.0, 0.006900000106543303)
(0.0, 0.006900000106543303)
(0.0, 0.006900000106543303)
(0.0, 0.006900000106543303)
(0.0, 0.006900000106543303)
(0.0, 0.006900000106543303)
(0.0, 0.005900000091642142)
(0.0, 0.00490000007674098)
(0.0, 0.00490000007674098)
(0.0, 0.00490000007674098)
(0.0, 0.00490000007674098)
(0.0, 0.00490000007674098)
(0.0, 0.00490000007674098)
(0.0, 0.00490000007674098)
(0.0, 0.00490000007674098)
(0.0, 0.00490000007674098)
(0.0, 0.00490000007674098)
(0.0, 0.00490000007674098)
(0.0, 0.00490000007674098)
(0.0, 0.00490000007674098)
(0.0, 0.00490000007674098)
(0.0, 0.00490000007674098)
(0.0, 0.00490000007674098)
(0.0, 0.00490000007674098)
(0.0, 0.00490000007674098)
(0.0, 0.00490000007674098)
(0.0, 0.00490000007674098)
(0.0, 0.00490000007674098)
(0.0, 0.00490000007674098)
(0.0, 0.00490000007674098)
(0.0, 0.00490000007674098)
(0.0, 0.00490000007674098)
(0.0, 0.00490000007674098)
(0.0, 0.00490000007674098)
(0.0, 0.00490000007674098)
(0.0, 0.00490000007674098)
(0.0, 0.00490000007674098)
(0.0, 0.00490000007674098)
(0.0, 0.004000000059604645)
(0.0, 0.004000000059604645)
(0.0, 0.004000000059604645)
(0.0, 0.004000000059604645)
(0.0, 0.004000000059604645)
(0.0, 0.004000000059604645)
(0.0, 0.0030000000447034836)
(0.0, 0.0020000000298023225)
(0.0, 0.0020000000298023225)
(0.0, 0.0020000000298023225)
(0.0, 0.0020000000298023225)
(0.0, 0.0020000000298023225)
(0.0, 0.0020000000298023225)
(0.0, 0.0020000000298023225)
(0.0, 0.0020000000298023225)
(0.0, 0.0020000000298023225)
(0.0, 0.0020000000298023225)
(0.0, 0.0020000000298023225)
(0.0, 0.0020000000298023225)
(0.0, 0.0020000000298023225)
(0.0, 0.0020000000298023225)
(0.0, 0.0020000000298023225)
(0.0, 0.0020000000298023225)
(0.0, 0.0020000000298023225)
(0.0, 0.0020000000298023225)
(0.0, 0.0020000000298023225)
(0.0, 0.0010000000149011613)
(0.0, 0.0)
(0.0, 0.0)
(0.0, 0.0)
(0.0, 0.0)
(0.0, 0.0)
(0.0, 0.0)
(0.0, 0.0)
(0.0, 0.0)
(0.0, 0.0)
(0.0, 0.0)
(0.0, 0.0)
(0.0, 0.0)
(0.0, 0.0)
(0.0, 0.0)
(0.0, 0.0)
(0.0, 0.0)
(0.0, 0.0)
(0.0, 0.0)
(0.0, 0.0)
(0.0, 0.0)
(0.0, 0.0)
(0.0, 0.0)
(0.0, 0.0)
(0.0, 0.0)
(0.0, 0.0)
(0.0, 0.0)
(0.0, 0.0)
(0.0, 0.0)
(0.0, 0.0)
(0.0, 0.0)
(0.0, 0.0)
(0.0, 0.0)
(0.0, 0.0)
(0.0, 0.0)
(0.0, 0.0)
(0.0, 0.0)
(0.0, 0.0)
(0.0, 0.0)
(0.0, 0.0)
(0.0, 0.0)
(0.0, 0.0)
(0.0, 0.0)
(0.0, 0.0)
(0.0, 0.0)
(0.0, 0.0)
(0.0, 0.0)
(0.0, 0.0)
(0.0, 0.0)
(0.0, 0.0)
(0.0, 0.0)
(0.0, 0.0)
(0.0, 0.0)
(0.0, 0.0)
(0.0, 0.0)
(0.0, 0.0)
(0.0, 0.0)
(0.0, 0.0)
(0.0, 0.0)
(0.0, 0.0)
(0.0, 0.0)
(0.0, 0.0)
(0.0, 0.0)
(0.0, 0.0)
(0.0, 0.0)
(0.0, 0.0)
(0.0, 0.0)
(0.0, 0.0)
(0.0, 0.0)
(0.0, 0.0)
(0.0, 0.0)
(0.0, 0.0)
(0.0, 0.0)
(0.0, 0.0)
(0.0, 0.0)
(0.0, 0.0)
(0.0, 0.0)
(0.0, 0.0)
(0.0, 0.0)
(0.0, 0.0)
(0.0, 0.0)
(0.0, 0.0)
(0.0, 0.0)
(0.0, 0.0)
(0.0, 0.0)
(0.0, 0.0)
(0.0, 0.0)
(0.0, 0.0)
(0.0, 0.0)
(0.0, 0.0)
(0.0, 0.0)
(0.0, 0.0)
(0.0, 0.0)
(0.0, 0.0)
(0.0, 0.0)
(0.0, 0.0)
(0.0, 0.0)
(0.0, 0.0)
(0.0, 0.0)
(0.0, 0.0)
(0.0, 0.0)
(0.0, 0.0)
(0.0, 0.0)
(0.0, 0.0)
(0.0, 0.0)
(0.0, 0.0)
(0.0, 0.0)
(0.0, 0.0)
(0.0, 0.0)
(0.0, 0.0)
(0.0, 0.0)
(0.0, 0.0)
(0.0, 0.0)
(0.0, 0.0)
(0.0, 0.0)
(0.0, 0.0)
(0.0, 0.0)
(0.0, 0.0)
(0.0, 0.0)
(0.0, 0.0)
(0.0, 0.0)
(0.0, 0.0)
(0.0, 0.0)
(0.0, 0.0)
(0.0, 0.0)
(0.0, 0.0)
(0.0, 0.0)
(0.0, 0.0)
(0.0, 0.0)
(0.0, 0.0)
(0.0, 0.0)
(0.0, 0.0)
(0.0, 0.0)
(0.0, 0.0)
(0.0, 0.0)
(0.0, 0.0)
(0.0, 0.0)
(0.0, 0.0)
(0.0, 0.0)
(0.0, 0.0)
(0.0, 0.0)
(0.0, 0.0)
(0.0, 0.0)
(0.0, 0.0)
(0.0, 0.0)
(0.0, 0.0)
(0.0, 0.0)
(0.0, 0.0)
(0.0, 0.0)
(0.0, 0.0)
(0.0, 0.0)
(0.0, 0.0)
(0.0, 0.0)
(0.0, 0.0)
(0.0, 0.0)
(0.0, 0.0)
(0.0, 0.0)
(0.0, 0.0)
(0.0, 0.0)
(0.0, 0.0)
(0.0, 0.0)
(0.0, 0.0)
(0.0, 0.0)
(0.0, 0.0)
(0.0, 0.0)
(0.0, 0.0)
(0.0, 0.0)
(0.0, 0.0)
(0.0, 0.0)
(0.0, 0.0)
(0.0, 0.0)
(0.0, 0.0)
(0.0, 0.0)
(0.0, 0.0)
(0.0, 0.0)
(0.0, 0.0)
(0.0, 0.0)
(0.0, 0.0)
(0.0, 0.0)
(0.0, 0.0)
(0.0, 0.0)
(0.0, 0.0)
(0.0, 0.0)
(0.0, 0.0)
(0.0, 0.0)
(0.0, 0.0)
(0.0, 0.0)
(0.0, 0.0)
(0.0, 0.0)
(0.0, 0.0)
(0.0, 0.0)
(0.0, 0.0)
(0.0, 0.0)
(0.0, 0.0)
(0.0, 0.0)
(0.0, 0.0)
(0.0, 0.0)
(0.0, 0.0)
(0.0, 0.0)
(0.0, 0.0)
(0.0, 0.0)
(0.0, 0.0)
(0.0, 0.0)
(0.0, 0.0)
(0.0, 0.0)
(0.0, 0.0)
(0.0, 0.0)
(0.0, 0.0)
(0.0, 0.0)
(0.0, 0.0)
(0.0, 0.0)
(0.0, 0.0)
(0.0, 0.0)
(0.0, 0.0)
(0.0, 0.0)
(0.0, 0.0)
(0.0, 0.0)
(0.0, 0.0)
(0.0, 0.0)
(0.0, 0.0)
(0.0, 0.0)
(0.0, 0.0)
(0.0, 0.0)
(0.0, 0.0)
(0.0, 0.0)
(0.0, 0.0)
(0.0, 0.0)
(0.0, 0.0)
(0.0, 0.0)
(0.10000000149011612, 0.0010000000149011613)
(0.10000000149011612, 0.0020000000298023225)
(0.10000000149011612, 0.0030000000447034836)
(0.0, 0.0030000000447034836)
(0.0, 0.0030000000447034836)
(0.10000000149011612, 0.004000000059604645)
(0.0, 0.004000000059604645)
(0.0, 0.004000000059604645)
(0.10000000149011612, 0.005000000074505806)
(0.0, 0.005000000074505806)
(0.0, 0.005000000074505806)
(0.0, 0.005000000074505806)
(0.0, 0.005000000074505806)
(0.0, 0.005000000074505806)
(0.0, 0.005000000074505806)
(0.0, 0.005000000074505806)
(0.0, 0.005000000074505806)
(0.0, 0.005000000074505806)
(0.0, 0.005000000074505806)
(0.0, 0.005000000074505806)
(0.0, 0.005000000074505806)
(0.0, 0.005000000074505806)
(0.10000000149011612, 0.006000000089406967)
(0.0, 0.006000000089406967)
(0.0, 0.006000000089406967)
(0.0, 0.006000000089406967)
(0.0, 0.006000000089406967)
(0.0, 0.006000000089406967)
(0.0, 0.006000000089406967)
(0.0, 0.006000000089406967)
(0.0, 0.006000000089406967)
(0.0, 0.006000000089406967)
(0.0, 0.006000000089406967)
(0.0, 0.006000000089406967)
(0.0, 0.006000000089406967)
(0.0, 0.006000000089406967)
(0.0, 0.006000000089406967)
(0.0, 0.006000000089406967)
(0.0, 0.006000000089406967)
(0.0, 0.006000000089406967)
(0.0, 0.006000000089406967)
(0.0, 0.006000000089406967)
(0.0, 0.006000000089406967)
(0.0, 0.006000000089406967)
(0.0, 0.006000000089406967)
(0.0, 0.006000000089406967)
(0.0, 0.006000000089406967)
(0.0, 0.006000000089406967)
(0.0, 0.006000000089406967)
(0.0, 0.006000000089406967)
(0.0, 0.006000000089406967)
(0.0, 0.006000000089406967)
(0.0, 0.006000000089406967)
(0.0, 0.006000000089406967)
(0.0, 0.006000000089406967)
(0.0, 0.006000000089406967)
(0.0, 0.006000000089406967)
(0.0, 0.006000000089406967)
(0.0, 0.006000000089406967)
(0.0, 0.006000000089406967)
(0.0, 0.006000000089406967)
(0.0, 0.006000000089406967)
(0.0, 0.006000000089406967)
(0.0, 0.006000000089406967)
(0.0, 0.006000000089406967)
(0.0, 0.006000000089406967)
(0.0, 0.006000000089406967)
(0.0, 0.006000000089406967)
(0.0, 0.006000000089406967)
(0.0, 0.006000000089406967)
(0.0, 0.006000000089406967)
(0.0, 0.006000000089406967)
(0.0, 0.006000000089406967)
(0.0, 0.006000000089406967)
(0.0, 0.006000000089406967)
(0.0, 0.006000000089406967)
(0.0, 0.006000000089406967)
(0.0, 0.006000000089406967)
(0.0, 0.006000000089406967)
(0.0, 0.006000000089406967)
(0.0, 0.006000000089406967)
(0.0, 0.006000000089406967)
(0.0, 0.006000000089406967)
(0.0, 0.006000000089406967)
(0.0, 0.006000000089406967)
(0.0, 0.006000000089406967)
(0.0, 0.006000000089406967)
(0.0, 0.006000000089406967)
(0.0, 0.006000000089406967)
(0.0, 0.006000000089406967)
(0.0, 0.006000000089406967)
(0.0, 0.006000000089406967)
(0.0, 0.006000000089406967)
(0.0, 0.006000000089406967)
(0.0, 0.006000000089406967)
(0.0, 0.006000000089406967)
(0.0, 0.006000000089406967)
(0.0, 0.006000000089406967)
(0.0, 0.006000000089406967)
(0.0, 0.006000000089406967)
(0.0, 0.005000000074505806)
(0.0, 0.004000000059604645)
(0.0, 0.0030000000447034836)
(0.0, 0.0030000000447034836)
(0.0, 0.0030000000447034836)
(0.0, 0.0020000000298023225)
(0.0, 0.0020000000298023225)
(0.0, 0.0020000000298023225)
(0.0, 0.0010000000149011613)
(0.0, 0.0010000000149011613)
(0.0, 0.0010000000149011613)
(0.0, 0.0010000000149011613)
(0.0, 0.0010000000149011613)
(0.0, 0.0010000000149011613)
(0.0, 0.0010000000149011613)
(0.0, 0.0010000000149011613)
(0.0, 0.0010000000149011613)
(0.0, 0.0010000000149011613)
(0.0, 0.0010000000149011613)
(0.0, 0.0010000000149011613)
(0.0, 0.0010000000149011613)
(0.0, 0.0010000000149011613)
(0.0, 0.0)
(0.0, 0.0)
(0.0, 0.0)
(0.0, 0.0)
(0.0, 0.0)
(0.0, 0.0)
(0.0, 0.0)
(0.0, 0.0)
(0.0, 0.0)
(0.0, 0.0)
(0.0, 0.0)
(0.0, 0.0)
(0.0, 0.0)
(0.0, 0.0)
(0.0, 0.0)
(0.0, 0.0)
(0.0, 0.0)
(0.0, 0.0)
(0.0, 0.0)
(0.0, 0.0)
(0.0, 0.0)
(0.0, 0.0)
(0.0, 0.0)
(0.0, 0.0)
(0.0, 0.0)
(0.0, 0.0)
(0.0, 0.0)
(0.0, 0.0)
(0.0, 0.0)
(0.0, 0.0)
(0.0, 0.0)
(0.0, 0.0)
(0.0, 0.0)
(0.0, 0.0)
(0.0, 0.0)
(0.0, 0.0)
(0.0, 0.0)
(0.0, 0.0)
(0.0, 0.0)
(0.0, 0.0)
(0.0, 0.0)
(0.0, 0.0)
(0.0, 0.0)
(0.0, 0.0)
(0.0, 0.0)
(0.0, 0.0)
(0.0, 0.0)
(0.0, 0.0)
(0.0, 0.0)
(0.0, 0.0)
(0.0, 0.0)
(0.0, 0.0)
(0.0, 0.0)
(0.0, 0.0)
(0.0, 0.0)
(0.0, 0.0)
(0.0, 0.0)
(0.0, 0.0)
(0.0, 0.0)
(0.0, 0.0)
(0.0, 0.0)
(0.0, 0.0)
(0.0, 0.0)
(0.0, 0.0)
(0.0, 0.0)
(0.0, 0.0)
(0.0, 0.0)
(0.0, 0.0)
(0.0, 0.0)
(0.0, 0.0)
(0.0, 0.0)
(0.0, 0.0)
(0.0, 0.0)
(0.0, 0.0)
(0.0, 0.0)
(0.0, 0.0)
(0.0, 0.0)
(0.0, 0.0)
(0.0, 0.0)
(0.0, 0.0)
(0.0, 0.0)
(0.0, 0.0)
(0.0, 0.0)
(0.0, 0.0)
(0.0, 0.0)
(0.0, 0.0)
(0.0, 0.0)
(0.0, 0.0)
(0.0, 0.0)
(0.0, 0.0)
(0.0, 0.0)
(0.0, 0.0)
(0.0, 0.0)
(0.0, 0.0)
(0.0, 0.0)
(0.0, 0.0)
(0.0, 0.0)
(0.0, 0.0)
(0.0, 0.0)
(0.0, 0.0)
(0.0, 0.0)
(0.0, 0.0)
(0.0, 0.0)
(0.0, 0.0)
(0.0, 0.0)
(0.0, 0.0)
(0.0, 0.0)
(0.0, 0.0)
(0.0, 0.0)
(0.0, 0.0)
(0.0, 0.0)
(0.0, 0.0)
(0.0, 0.0)
(0.0, 0.0)
(0.0, 0.0)
(0.0, 0.0)
(0.0, 0.0)
(0.10000000149011612, 0.0010000000149011613)
(0.0, 0.0010000000149011613)
(0.0, 0.0010000000149011613)
(0.0, 0.0010000000149011613)
(0.0, 0.0010000000149011613)
(0.0, 0.0010000000149011613)
(0.0, 0.0010000000149011613)
(0.0, 0.0010000000149011613)
(0.0, 0.0010000000149011613)
(0.0, 0.0010000000149011613)
(0.0, 0.0010000000149011613)
(0.0, 0.0010000000149011613)
(0.0, 0.0010000000149011613)
(0.0, 0.0010000000149011613)
(0.0, 0.0010000000149011613)
(0.0, 0.0010000000149011613)
(0.0, 0.0010000000149011613)
(0.0, 0.0010000000149011613)
(0.0, 0.0010000000149011613)
(0.0, 0.0010000000149011613)
(0.0, 0.0010000000149011613)
(0.0, 0.0010000000149011613)
(0.0, 0.0010000000149011613)
(0.0, 0.0010000000149011613)
(0.0, 0.0010000000149011613)
(0.0, 0.0010000000149011613)
(0.0, 0.0010000000149011613)
(0.0, 0.0010000000149011613)
(0.0, 0.0010000000149011613)
(0.0, 0.0010000000149011613)
(0.0, 0.0010000000149011613)
(0.0, 0.0010000000149011613)
(0.09000000171363354, 0.0019000000320374966)
(0.0, 0.0019000000320374966)
(0.0, 0.0019000000320374966)
(0.0, 0.0019000000320374966)
(0.0, 0.0019000000320374966)
(0.0, 0.0019000000320374966)
(0.0, 0.0019000000320374966)
(0.0, 0.0019000000320374966)
(0.0, 0.0019000000320374966)
(0.0, 0.0019000000320374966)
(0.0, 0.0019000000320374966)
(0.0, 0.0019000000320374966)
(0.0, 0.0019000000320374966)
(0.0, 0.0019000000320374966)
(0.0, 0.0019000000320374966)
(0.0, 0.0019000000320374966)
(0.0, 0.0019000000320374966)
(0.0, 0.0019000000320374966)
(0.0, 0.0019000000320374966)
(0.0, 0.0019000000320374966)
(0.0, 0.0019000000320374966)
(0.0, 0.0019000000320374966)
(0.0, 0.0019000000320374966)
(0.0, 0.0019000000320374966)
(0.0, 0.0019000000320374966)
(0.0, 0.0019000000320374966)
(0.0, 0.0019000000320374966)
(0.0, 0.0019000000320374966)
(0.0, 0.0019000000320374966)
(0.0, 0.0019000000320374966)
(0.0, 0.0019000000320374966)
(0.0, 0.0019000000320374966)
(0.0, 0.0019000000320374966)
(0.0, 0.0019000000320374966)
(0.0, 0.0019000000320374966)
(0.0, 0.0019000000320374966)
(0.0, 0.0019000000320374966)
(0.0, 0.0019000000320374966)
(0.0, 0.0019000000320374966)
(0.0, 0.0019000000320374966)
(0.0, 0.0019000000320374966)
(0.0, 0.0019000000320374966)
(0.0, 0.0019000000320374966)
(0.0, 0.0019000000320374966)
(0.0, 0.0019000000320374966)
(0.0, 0.0019000000320374966)
(0.0, 0.0019000000320374966)
(0.0, 0.0019000000320374966)
(0.0, 0.0019000000320374966)
(0.0, 0.0019000000320374966)
(0.0, 0.0019000000320374966)
(0.0, 0.0019000000320374966)
(0.0, 0.0019000000320374966)
(0.0, 0.0019000000320374966)
(0.0, 0.0019000000320374966)
(0.0, 0.0019000000320374966)
(0.0, 0.0019000000320374966)
(0.0, 0.0019000000320374966)
(0.0, 0.0019000000320374966)
(0.0, 0.0019000000320374966)
(0.0, 0.0019000000320374966)
(0.0, 0.0019000000320374966)
(0.0, 0.0019000000320374966)
(0.0, 0.0019000000320374966)
(0.0, 0.0019000000320374966)
(0.0, 0.0019000000320374966)
(0.10000000149011612, 0.0029000000469386576)
(0.0, 0.0029000000469386576)
(0.0, 0.0019000000320374966)
(0.0, 0.0019000000320374966)
(0.0, 0.0019000000320374966)
(0.0, 0.0019000000320374966)
(0.0, 0.0019000000320374966)
(0.0, 0.0019000000320374966)
(0.0, 0.0019000000320374966)
(0.0, 0.0019000000320374966)
(0.0, 0.0019000000320374966)
(0.0, 0.0019000000320374966)
(0.0, 0.0019000000320374966)
(0.0, 0.0019000000320374966)
(0.0, 0.0019000000320374966)
(0.0, 0.0019000000320374966)
(0.0, 0.0019000000320374966)
(0.0, 0.0019000000320374966)
(0.0, 0.0019000000320374966)
(0.0, 0.0019000000320374966)
(0.0, 0.0019000000320374966)
(0.0, 0.0019000000320374966)
(0.0, 0.0019000000320374966)
(0.0, 0.0019000000320374966)
(0.0, 0.0019000000320374966)
(0.0, 0.0019000000320374966)
(0.0, 0.0019000000320374966)
(0.0, 0.0019000000320374966)
(0.0, 0.0019000000320374966)
(0.0, 0.0019000000320374966)
(0.0, 0.0019000000320374966)
(0.0, 0.0019000000320374966)
(0.0, 0.0019000000320374966)
(0.0, 0.0019000000320374966)
(0.0, 0.0010000000149011613)
(0.0, 0.0010000000149011613)
(0.0, 0.0010000000149011613)
(0.0, 0.0010000000149011613)
(0.0, 0.0010000000149011613)
(0.0, 0.0010000000149011613)
(0.0, 0.0010000000149011613)
(0.0, 0.0010000000149011613)
(0.0, 0.0010000000149011613)
(0.0, 0.0010000000149011613)
(0.0, 0.0010000000149011613)
(0.0, 0.0010000000149011613)
(0.0, 0.0010000000149011613)
(0.0, 0.0010000000149011613)
(0.0, 0.0010000000149011613)
(0.0, 0.0010000000149011613)
(0.0, 0.0010000000149011613)
(0.0, 0.0010000000149011613)
(0.0, 0.0010000000149011613)
(0.0, 0.0010000000149011613)
(0.0, 0.0010000000149011613)
(0.0, 0.0010000000149011613)
(0.0, 0.0010000000149011613)
(0.0, 0.0010000000149011613)
(0.0, 0.0010000000149011613)
(0.0, 0.0010000000149011613)
(0.0, 0.0010000000149011613)
(0.0, 0.0010000000149011613)
(0.0, 0.0010000000149011613)
(0.0, 0.0010000000149011613)
(0.0, 0.0010000000149011613)
(0.0, 0.0010000000149011613)
(0.0, 0.0010000000149011613)
(0.0, 0.0010000000149011613)
(0.0, 0.0010000000149011613)
(0.0, 0.0010000000149011613)
(0.0, 0.0010000000149011613)
(0.0, 0.0010000000149011613)
(0.0, 0.0010000000149011613)
(0.0, 0.0010000000149011613)
(0.0, 0.0010000000149011613)
(0.0, 0.0010000000149011613)
(0.10000000149011612, 0.0020000000298023225)
(0.10000000149011612, 0.0030000000447034836)
(0.0, 0.0030000000447034836)
(0.0, 0.0030000000447034836)
(0.0, 0.0030000000447034836)
(0.0, 0.0030000000447034836)
(0.0, 0.0030000000447034836)
(0.0, 0.0030000000447034836)
(0.0, 0.0030000000447034836)
(0.0, 0.0030000000447034836)
(0.0, 0.0030000000447034836)
(0.0, 0.0030000000447034836)
(0.0, 0.0030000000447034836)
(0.0, 0.0030000000447034836)
(0.0, 0.0030000000447034836)
(0.0, 0.0030000000447034836)
(0.0, 0.0030000000447034836)
(0.0, 0.0030000000447034836)
(0.0, 0.0030000000447034836)
(0.0, 0.0030000000447034836)
(0.0, 0.0030000000447034836)
(0.0, 0.0030000000447034836)
(0.0, 0.0030000000447034836)
(0.0, 0.0030000000447034836)
(0.0, 0.0020000000298023225)
(0.0, 0.0020000000298023225)
(0.0, 0.0020000000298023225)
(0.0, 0.0020000000298023225)
(0.0, 0.0020000000298023225)
(0.0, 0.0020000000298023225)
(0.0, 0.0020000000298023225)
(0.0, 0.0020000000298023225)
(0.0, 0.0020000000298023225)
(0.0, 0.0020000000298023225)
(0.0, 0.0020000000298023225)
(0.0, 0.0020000000298023225)
(0.0, 0.0020000000298023225)
(0.0, 0.0020000000298023225)
(0.0, 0.0020000000298023225)
(0.0, 0.0020000000298023225)
(0.0, 0.0020000000298023225)
(0.0, 0.0020000000298023225)
(0.0, 0.0020000000298023225)
(0.0, 0.0020000000298023225)
(0.0, 0.0020000000298023225)
(0.0, 0.0020000000298023225)
(0.0, 0.0020000000298023225)
(0.09000000171363354, 0.0029000000469386576)
(0.0, 0.0029000000469386576)
(0.0, 0.0029000000469386576)
(0.0, 0.0029000000469386576)
(0.0, 0.0029000000469386576)
(0.0, 0.0029000000469386576)
(0.0, 0.0029000000469386576)
(0.0, 0.0029000000469386576)
(0.0, 0.0029000000469386576)
(0.0, 0.0029000000469386576)
(0.10000000149011612, 0.003900000061839819)
(0.0, 0.003900000061839819)
(0.0, 0.003900000061839819)
(0.0, 0.003900000061839819)
(0.0, 0.003900000061839819)
(0.0, 0.003900000061839819)
(0.0, 0.003900000061839819)
(0.0, 0.003900000061839819)
(0.0, 0.003900000061839819)
(0.0, 0.003900000061839819)
(0.09000000171363354, 0.004800000078976154)
(0.0, 0.004800000078976154)
(0.10000000149011612, 0.005800000093877315)
(0.0, 0.005800000093877315)
(0.0, 0.005800000093877315)
(0.0, 0.005800000093877315)
(0.0, 0.005800000093877315)
(0.0, 0.005800000093877315)
(0.0, 0.005800000093877315)
(0.0, 0.005800000093877315)
(0.10000000149011612, 0.006800000108778476)
(0.0, 0.006800000108778476)
(0.0, 0.006800000108778476)
(0.0, 0.006800000108778476)
(0.0, 0.006800000108778476)
(0.0, 0.006800000108778476)
(0.0, 0.006800000108778476)
(0.0, 0.006800000108778476)
(0.0, 0.006800000108778476)
(0.0, 0.006800000108778476)
(0.0, 0.006800000108778476)
(0.0, 0.006800000108778476)
(0.0, 0.006800000108778476)
(0.0, 0.006800000108778476)
(0.0, 0.006800000108778476)
(0.0, 0.006800000108778476)
(0.10000000149011612, 0.007800000123679638)
(0.0, 0.007800000123679638)
(0.0, 0.007800000123679638)
(0.0, 0.007800000123679638)
(0.0, 0.007800000123679638)
(0.0, 0.007800000123679638)
(0.0, 0.007800000123679638)
(0.0, 0.006800000108778476)
(0.10000000149011612, 0.006800000108778476)
(0.10000000149011612, 0.007800000123679638)
(0.0, 0.007800000123679638)
(0.0, 0.007800000123679638)
(0.10000000149011612, 0.008800000138580798)
(0.0, 0.008800000138580798)
(0.0, 0.008800000138580798)
(0.09000000171363354, 0.009700000155717134)
(0.0, 0.009700000155717134)
(0.0, 0.009700000155717134)
(0.0, 0.009700000155717134)
(0.0, 0.009700000155717134)
(0.0, 0.009700000155717134)
(0.0, 0.009700000155717134)
(0.0, 0.009700000155717134)
(0.0, 0.009700000155717134)
(0.10000000149011612, 0.010700000170618295)
(0.0, 0.010700000170618295)
(0.0, 0.010700000170618295)
(0.10000000149011612, 0.011700000185519456)
(0.0, 0.011700000185519456)
(0.0, 0.011700000185519456)
(0.0, 0.011700000185519456)
(0.0, 0.011700000185519456)
(0.0, 0.011700000185519456)
(0.0, 0.011700000185519456)
(0.0, 0.011700000185519456)
(0.0, 0.011700000185519456)
(0.0, 0.011700000185519456)
(0.0, 0.011700000185519456)
(0.10000000149011612, 0.012700000200420619)
(0.0, 0.012700000200420619)
(0.09000000171363354, 0.013600000217556953)
(0.0, 0.013600000217556953)
(0.0, 0.013600000217556953)
(0.10000000149011612, 0.014600000232458115)
(0.10000000149011612, 0.015600000247359276)
(0.0, 0.015600000247359276)
(0.0, 0.015600000247359276)
(0.0, 0.015600000247359276)
(0.0, 0.015600000247359276)
(0.10000000149011612, 0.016600000262260436)
(0.0, 0.016600000262260436)
(0.20000000298023224, 0.018600000292062758)
(0.10000000149011612, 0.01960000030696392)
(0.0, 0.01960000030696392)
(0.0, 0.018700000289827587)
(0.10000000149011612, 0.019700000304728748)
(0.10000000149011612, 0.02070000031962991)
(0.0, 0.02070000031962991)
(0.0, 0.02070000031962991)
(0.0, 0.02070000031962991)
(0.10000000149011612, 0.02170000033453107)
(0.0, 0.02170000033453107)
(0.20000000298023224, 0.023700000364333392)
(0.0, 0.023700000364333392)
(0.10000000149011612, 0.023700000364333392)
(0.0, 0.023700000364333392)
(0.0, 0.023700000364333392)
(0.09000000171363354, 0.024600000381469728)
(0.09000000171363354, 0.025500000398606063)
(0.0, 0.025500000398606063)
(0.0, 0.025500000398606063)
(0.09000000171363354, 0.0264000004157424)
(0.10000000149011612, 0.02740000043064356)
(0.09000000171363354, 0.028300000447779895)
(0.0, 0.02740000043064356)
(0.0, 0.02740000043064356)
(0.0, 0.0264000004157424)
(0.0, 0.0264000004157424)
(0.0, 0.0264000004157424)
(0.09000000171363354, 0.027300000432878734)
(0.09000000171363354, 0.02820000045001507)
(0.10000000149011612, 0.02920000046491623)
(0.09000000171363354, 0.030100000482052566)
(0.09000000171363354, 0.0310000004991889)
(0.10000000149011612, 0.0310000004991889)
(0.10000000149011612, 0.03200000051409006)
(0.0, 0.03200000051409006)
(0.09000000171363354, 0.032900000531226395)
(0.09000000171363354, 0.033800000548362734)
(0.0, 0.033800000548362734)
(0.09000000171363354, 0.034700000565499066)
(0.09000000171363354, 0.035600000582635405)
(0.0, 0.035600000582635405)
(0.10000000149011612, 0.03660000059753656)
(0.09000000171363354, 0.0375000006146729)
(0.10000000149011612, 0.03850000062957406)
(0.10000000149011612, 0.039500000644475224)
(0.0, 0.039500000644475224)
(0.10000000149011612, 0.04050000065937638)
(0.10000000149011612, 0.041500000674277546)
(0.0, 0.04050000065937638)
(0.10000000149011612, 0.041500000674277546)
(0.0, 0.041500000674277546)
(0.0, 0.041500000674277546)
(0.10000000149011612, 0.0425000006891787)
(0.0, 0.0425000006891787)
(0.0, 0.0425000006891787)
(0.0, 0.0425000006891787)
(0.10000000149011612, 0.0425000006891787)
(0.0, 0.041500000674277546)
(0.10000000149011612, 0.0425000006891787)
(0.10000000149011612, 0.04350000070407987)
(0.10000000149011612, 0.04350000070407987)
(0.10000000149011612, 0.044500000718981025)
(0.10000000149011612, 0.04550000073388219)
(0.10000000149011612, 0.045600000731647015)
(0.09000000171363354, 0.04650000074878335)
(0.0, 0.04650000074878335)
(0.09000000171363354, 0.047400000765919686)
(0.09000000171363354, 0.04830000078305602)
(0.10000000149011612, 0.04930000079795718)
(0.09000000171363354, 0.050200000815093515)
(0.10000000149011612, 0.05120000082999468)
(0.10000000149011612, 0.05220000084489584)
(0.10000000149011612, 0.05220000084489584)
(0.10000000149011612, 0.053200000859797)
(0.10000000149011612, 0.05420000087469816)
(0.10000000149011612, 0.05420000087469816)
(0.10000000149011612, 0.055200000889599324)
(0.09000000171363354, 0.056100000906735656)
(0.10000000149011612, 0.05710000092163682)
(0.09000000171363354, 0.05800000093877315)
(0.10000000149011612, 0.05900000095367432)
(0.0, 0.05900000095367432)
(0.09000000171363354, 0.05990000097081065)
(0.09000000171363354, 0.06080000098794699)
(0.09000000171363354, 0.06170000100508332)
(0.10000000149011612, 0.06270000101998448)
(0.0, 0.06170000100508332)
(0.10000000149011612, 0.06270000101998448)
(0.10000000149011612, 0.06280000101774931)
(0.0, 0.06280000101774931)
(0.10000000149011612, 0.06380000103265047)
(0.09000000171363354, 0.06370000103488564)
(0.10000000149011612, 0.06370000103488564)
(0.09000000171363354, 0.06460000105202197)
(0.09000000171363354, 0.06550000106915832)
(0.10000000149011612, 0.06650000108405947)
(0.09000000171363354, 0.06740000110119582)
(0.0, 0.06640000108629465)
(0.09000000171363354, 0.06730000110343098)
(0.09000000171363354, 0.066200001090765)
(0.10000000149011612, 0.066200001090765)
(0.0, 0.066200001090765)
(0.19000000320374966, 0.0681000011228025)
(0.10000000149011612, 0.0681000011228025)
(0.10000000149011612, 0.0681000011228025)
(0.20000000298023224, 0.07010000115260481)
(0.0, 0.07010000115260481)
(0.0, 0.07010000115260481)
(0.2900000046938658, 0.07200000118464231)
(0.10000000149011612, 0.07300000119954347)
(0.10000000149011612, 0.07200000118464231)
(0.10000000149011612, 0.07300000119954347)
(0.10000000149011612, 0.07300000119954347)
(0.10000000149011612, 0.07400000121444464)
(0.10000000149011612, 0.0750000012293458)
(0.10000000149011612, 0.07510000122711062)
(0.19000000320374966, 0.07610000124201179)
(0.0, 0.07610000124201179)
(0.10000000149011612, 0.07710000125691295)
(0.0, 0.0762000012397766)
(0.0, 0.07520000122487545)
(0.09000000171363354, 0.07520000122487545)
(0.0, 0.07520000122487545)
(0.0, 0.07520000122487545)
(0.0, 0.07520000122487545)
(0.09000000171363354, 0.07610000124201179)
(0.10000000149011612, 0.07710000125691295)
(0.09000000171363354, 0.07710000125691295)
(0.0, 0.0762000012397766)
(0.09000000171363354, 0.07610000124201179)
(0.0, 0.07520000122487545)
(0.0, 0.07430000120773911)
(0.0, 0.07330000119283796)
(0.0, 0.07230000117793679)
(0.0, 0.07230000117793679)
(0.0, 0.07140000116080046)
(0.0, 0.07050000114366411)
(0.09000000171363354, 0.07140000116080046)
(0.0, 0.07050000114366411)
(0.09000000171363354, 0.07050000114366411)
(0.0, 0.07050000114366411)
(0.0, 0.06950000112876296)
(0.0, 0.06860000111162662)
(0.0, 0.06760000109672547)
(0.0, 0.0666000010818243)
(0.09000000171363354, 0.06750000109896064)
(0.0, 0.06650000108405947)
(0.09000000171363354, 0.06640000108629465)
(0.0, 0.06640000108629465)
(0.0, 0.06540000107139349)
(0.0, 0.06540000107139349)
(0.09000000171363354, 0.06630000108852982)
(0.09000000171363354, 0.066200001090765)
(0.09000000171363354, 0.06710000110790133)
(0.09000000171363354, 0.06800000112503767)
(0.0, 0.06800000112503767)
(0.0, 0.06700000111013651)
(0.09000000171363354, 0.06790000112727285)
(0.0, 0.06690000111237168)
(0.0, 0.06590000109747052)
(0.0, 0.06490000108256937)
(0.0, 0.0639000010676682)
(0.0, 0.06290000105276704)
(0.0, 0.06190000103786588)
(0.0, 0.06100000102072954)
(0.10000000149011612, 0.062000001035630706)
(0.0, 0.06110000101849437)
(0.0, 0.060200001001358035)
(0.0, 0.05920000098645687)
(0.10000000149011612, 0.059300000984221696)
(0.0, 0.05830000096932054)
(0.0, 0.057300000954419374)
(0.0, 0.056300000939518216)
(0.10000000149011612, 0.056300000939518216)
(0.0, 0.05530000092461705)
(0.09000000171363354, 0.055200000926852226)
(0.0, 0.05420000091195107)
(0.10000000149011612, 0.054300000909715894)
(0.0, 0.05330000089481473)
(0.0, 0.0524000008776784)
(0.0, 0.05140000086277723)
(0.10000000149011612, 0.0524000008776784)
(0.0, 0.05150000086054206)
(0.0, 0.050600000843405726)
(0.0, 0.04970000082626939)
(0.0, 0.04870000081136823)
(0.09000000171363354, 0.04960000082850456)
(0.0, 0.048600000813603404)
(0.0, 0.04760000079870224)
(0.10000000149011612, 0.048600000813603404)
(0.10000000149011612, 0.048600000813603404)
(0.10000000149011612, 0.04870000081136823)
(0.0, 0.047700000796467065)
(0.0, 0.04680000077933073)
(0.0, 0.045900000762194394)
(0.0, 0.04490000074729324)
(0.09000000171363354, 0.04490000074729324)
(0.0, 0.04490000074729324)
(0.09000000171363354, 0.04490000074729324)
(0.10000000149011612, 0.04500000074505806)
(0.0, 0.0440000007301569)
(0.10000000149011612, 0.04500000074505806)
(0.10000000149011612, 0.04410000072792172)
(0.09000000171363354, 0.0440000007301569)
(0.10000000149011612, 0.0440000007301569)
(0.09000000171363354, 0.042900000717490915)
(0.10000000149011612, 0.04390000073239207)
(0.09000000171363354, 0.04480000074952841)
(0.0, 0.04190000070258975)
(0.09000000171363354, 0.041800000704824924)
(0.09000000171363354, 0.0417000007070601)
(0.09000000171363354, 0.04160000070929527)
(0.10000000149011612, 0.04160000070929527)
(0.0, 0.04060000069439411)
(0.10000000149011612, 0.04060000069439411)
(0.09000000171363354, 0.04050000069662928)
(0.10000000149011612, 0.03960000067949295)
(0.20000000298023224, 0.04160000070929527)
(0.10000000149011612, 0.04160000070929527)
(0.0, 0.04160000070929527)
(0.0, 0.04160000070929527)
(0.09000000171363354, 0.04160000070929527)
(0.09000000171363354, 0.042500000726431605)
(0.09000000171363354, 0.043400000743567944)
(0.0, 0.043400000743567944)
(0.10000000149011612, 0.04350000074133277)
(0.0, 0.042500000726431605)
(0.0, 0.04160000070929527)
(0.0, 0.04160000070929527)
(0.10000000149011612, 0.0417000007070601)
(0.0, 0.0417000007070601)
(0.09000000171363354, 0.04260000072419643)
(0.0, 0.04260000072419643)
(0.0, 0.04260000072419643)
(0.0, 0.04260000072419643)
(0.10000000149011612, 0.043600000739097595)
(0.0, 0.043600000739097595)
(0.0, 0.042700000721961257)
(0.09000000171363354, 0.043600000739097595)
(0.10000000149011612, 0.04370000073686242)
(0.09000000171363354, 0.04460000075399875)
(0.10000000149011612, 0.04560000076889992)
(0.10000000149011612, 0.04660000078380108)
(0.10000000149011612, 0.04760000079870224)
(0.10000000149011612, 0.048600000813603404)
(0.10000000149011612, 0.04870000081136823)
(0.10000000149011612, 0.04970000082626939)
(0.0, 0.048800000809133055)
(0.0, 0.048800000809133055)
(0.0, 0.048800000809133055)
(0.09000000171363354, 0.04970000082626939)
(0.09000000171363354, 0.04970000082626939)
(0.0, 0.048800000809133055)
(0.09000000171363354, 0.048800000809133055)
(0.0, 0.047900000791996716)
(0.09000000171363354, 0.048800000809133055)
(0.09000000171363354, 0.04970000082626939)
(0.09000000171363354, 0.04970000082626939)
(0.10000000149011612, 0.05070000084117055)
(0.10000000149011612, 0.05170000085607171)
(0.10000000149011612, 0.052700000870972874)
(0.10000000149011612, 0.05370000088587403)
(0.0, 0.05370000088587403)
(0.09000000171363354, 0.05460000090301037)
(0.0, 0.05460000090301037)
(0.09000000171363354, 0.054500000905245545)
(0.10000000149011612, 0.0555000009201467)
(0.09000000171363354, 0.05640000093728304)
(0.09000000171363354, 0.057300000954419374)
(0.0, 0.056300000939518216)
(0.10000000149011612, 0.057300000954419374)
(0.10000000149011612, 0.05830000096932054)
(0.09000000171363354, 0.05920000098645687)
(0.10000000149011612, 0.05920000098645687)
(0.10000000149011612, 0.060200001001358035)
(0.10000000149011612, 0.06030000099912286)
(0.0, 0.06030000099912286)
(0.10000000149011612, 0.06030000099912286)
(0.09000000171363354, 0.06120000101625919)
(0.10000000149011612, 0.06220000103116036)
(0.09000000171363354, 0.06310000104829669)
(0.09000000171363354, 0.06300000105053187)
(0.10000000149011612, 0.06400000106543302)
(0.09000000171363354, 0.06490000108256937)
(0.09000000171363354, 0.0658000010997057)
(0.10000000149011612, 0.06680000111460686)
(0.10000000149011612, 0.06690000111237168)
(0.10000000149011612, 0.06790000112727285)
(0.09000000171363354, 0.06880000114440918)
(0.10000000149011612, 0.06880000114440918)
(0.09000000171363354, 0.06870000114664436)
(0.10000000149011612, 0.06870000114664436)
(0.10000000149011612, 0.06970000116154551)
(0.10000000149011612, 0.07070000117644668)
(0.10000000149011612, 0.07170000119134784)
(0.10000000149011612, 0.072700001206249)
(0.09000000171363354, 0.072700001206249)
(0.09000000171363354, 0.07360000122338534)
(0.10000000149011612, 0.07370000122115015)
(0.09000000171363354, 0.07360000122338534)
(0.09000000171363354, 0.07450000124052167)
(0.10000000149011612, 0.07450000124052167)
(0.10000000149011612, 0.07450000124052167)
(0.10000000149011612, 0.0746000012382865)
(0.10000000149011612, 0.0746000012382865)
(0.09000000171363354, 0.0746000012382865)
(0.10000000149011612, 0.0746000012382865)
(0.10000000149011612, 0.07470000123605132)
(0.10000000149011612, 0.07570000125095248)
(0.10000000149011612, 0.0758000012487173)
(0.10000000149011612, 0.07590000124648213)
(0.10000000149011612, 0.07600000124424695)
(0.09000000171363354, 0.07590000124648213)
(0.10000000149011612, 0.0769000012613833)
(0.09000000171363354, 0.07680000126361847)
(0.10000000149011612, 0.0769000012613833)
(0.10000000149011612, 0.0769000012613833)
(0.09000000171363354, 0.0758000012487173)
(0.10000000149011612, 0.0758000012487173)
(0.10000000149011612, 0.07680000126361847)
(0.09000000171363354, 0.0777000012807548)
(0.09000000171363354, 0.0777000012807548)
(0.19000000320374966, 0.07870000129565596)
(0.10000000149011612, 0.0788000012934208)
(0.10000000149011612, 0.07980000130832195)
(0.19000000320374966, 0.08070000132545829)
(0.10000000149011612, 0.08170000134035944)
(0.20000000298023224, 0.08370000137016177)
(0.10000000149011612, 0.08470000138506294)
(0.10000000149011612, 0.08470000138506294)
(0.20000000298023224, 0.08670000141486525)
(0.20000000298023224, 0.08780000142753125)
(0.10000000149011612, 0.0888000014424324)
(0.10000000149011612, 0.08980000145733356)
(0.10000000149011612, 0.09080000147223473)
(0.10000000149011612, 0.09080000147223473)
(0.09000000171363354, 0.09170000148937106)
(0.10000000149011612, 0.09270000150427223)
(0.10000000149011612, 0.09280000150203704)
(0.19000000320374966, 0.09370000151917339)
(0.20000000298023224, 0.09480000153183937)
(0.20000000298023224, 0.09580000154674054)
(0.19000000320374966, 0.09670000156387687)
(0.20000000298023224, 0.09770000157877803)
(0.10000000149011612, 0.09770000157877803)
(0.09000000171363354, 0.0976000015810132)
(0.09000000171363354, 0.09750000158324838)
(0.20000000298023224, 0.0995000016130507)
(0.09000000171363354, 0.10040000163018703)
(0.09000000171363354, 0.10130000164732338)
(0.20000000298023224, 0.10240000165998936)
(0.20000000298023224, 0.10350000167265534)
(0.10000000149011612, 0.1045000016875565)
(0.20000000298023224, 0.10560000170022249)
(0.10000000149011612, 0.10660000171512365)
(0.09000000171363354, 0.10660000171512365)
(0.20000000298023224, 0.10770000172778964)
(0.10000000149011612, 0.10780000172555447)
(0.10000000149011612, 0.10780000172555447)
(0.10000000149011612, 0.10780000172555447)
(0.10000000149011612, 0.10780000172555447)
(0.20000000298023224, 0.10880000174045562)
(0.19000000320374966, 0.11070000177249312)
(0.10000000149011612, 0.11080000177025795)
(0.09000000171363354, 0.11170000178739428)
(0.10000000149011612, 0.11180000178515911)
(0.10000000149011612, 0.11180000178515911)
(0.20000000298023224, 0.1129000017978251)
(0.10000000149011612, 0.11300000179558993)
(0.19000000320374966, 0.11490000182762743)
(0.10000000149011612, 0.11490000182762743)
(0.09000000171363354, 0.1148000018298626)
(0.10000000149011612, 0.11490000182762743)
(0.20000000298023224, 0.11590000184252858)
(0.19000000320374966, 0.11680000185966492)
(0.10000000149011612, 0.11680000185966492)
(0.09000000171363354, 0.11770000187680126)
(0.10000000149011612, 0.11770000187680126)
(0.10000000149011612, 0.11780000187456607)
(0.10000000149011612, 0.11780000187456607)
(0.10000000149011612, 0.1179000018723309)
(0.10000000149011612, 0.11800000187009572)
(0.10000000149011612, 0.11800000187009572)
(0.19000000320374966, 0.11900000188499689)
(0.10000000149011612, 0.11910000188276172)
(0.09000000171363354, 0.11900000188499689)
(0.10000000149011612, 0.11900000188499689)
(0.10000000149011612, 0.11900000188499689)
(0.10000000149011612, 0.11910000188276172)
(0.19000000320374966, 0.12000000189989805)
(0.20000000298023224, 0.12110000191256404)
(0.10000000149011612, 0.12110000191256404)
(0.10000000149011612, 0.12110000191256404)
(0.10000000149011612, 0.12110000191256404)
(0.10000000149011612, 0.12110000191256404)
(0.10000000149011612, 0.12110000191256404)
(0.10000000149011612, 0.12120000191032887)
(0.09000000171363354, 0.12120000191032887)
(0.10000000149011612, 0.12120000191032887)
(0.10000000149011612, 0.12130000190809369)
(0.20000000298023224, 0.12240000192075967)
(0.19000000320374966, 0.12330000193789602)
(0.10000000149011612, 0.12330000193789602)
(0.10000000149011612, 0.12330000193789602)
(0.10000000149011612, 0.12330000193789602)
(0.09000000171363354, 0.12330000193789602)
(0.10000000149011612, 0.12330000193789602)
(0.10000000149011612, 0.12330000193789602)
(0.09000000171363354, 0.12320000194013118)
(0.09000000171363354, 0.12310000194236637)
(0.10000000149011612, 0.12310000194236637)
(0.19000000320374966, 0.1240000019595027)
(0.10000000149011612, 0.12410000195726752)
(0.10000000149011612, 0.12410000195726752)
(0.10000000149011612, 0.12420000195503235)
(0.10000000149011612, 0.12420000195503235)
(0.20000000298023224, 0.1252000019699335)
(0.10000000149011612, 0.12530000196769833)
(0.20000000298023224, 0.1263000019825995)
(0.09000000171363354, 0.12620000198483466)
(0.10000000149011612, 0.1263000019825995)
(0.10000000149011612, 0.12640000198036433)
(0.20000000298023224, 0.12650000197812916)
(0.10000000149011612, 0.12650000197812916)
(0.09000000171363354, 0.12640000198036433)
(0.19000000320374966, 0.12640000198036433)
(0.10000000149011612, 0.12640000198036433)
(0.10000000149011612, 0.12540000196546316)
(0.09000000171363354, 0.12530000196769833)
(0.20000000298023224, 0.1263000019825995)
(0.10000000149011612, 0.12530000196769833)
(0.10000000149011612, 0.12430000195279717)
(0.10000000149011612, 0.12430000195279717)
(0.09000000171363354, 0.12420000195503235)
(0.10000000149011612, 0.12420000195503235)
(0.20000000298023224, 0.1252000019699335)
(0.10000000149011612, 0.12530000196769833)
(0.10000000149011612, 0.12530000196769833)
(0.10000000149011612, 0.12530000196769833)
(0.10000000149011612, 0.124400001950562)
(0.19000000320374966, 0.12430000195279717)
(0.20000000298023224, 0.12430000195279717)
(0.10000000149011612, 0.12340000193566084)
(0.09000000171363354, 0.12230000192299485)
(0.10000000149011612, 0.12230000192299485)
(0.20000000298023224, 0.12340000193566084)
(0.10000000149011612, 0.12350000193342567)
(0.10000000149011612, 0.1225000019185245)
(0.10000000149011612, 0.12260000191628934)
(0.20000000298023224, 0.12370000192895532)
(0.09000000171363354, 0.12260000191628934)
(0.10000000149011612, 0.12160000190138817)
(0.10000000149011612, 0.12160000190138817)
(0.10000000149011612, 0.12060000188648701)
(0.09000000171363354, 0.12050000188872217)
(0.10000000149011612, 0.12060000188648701)
(0.10000000149011612, 0.11960000187158584)
(0.19000000320374966, 0.12050000188872217)
(0.20000000298023224, 0.12150000190362334)
(0.09000000171363354, 0.12140000190585852)
(0.09000000171363354, 0.12130000190809369)
(0.19000000320374966, 0.12120000191032887)
(0.10000000149011612, 0.12030000189319252)
(0.09000000171363354, 0.1202000018954277)
(0.20000000298023224, 0.12130000190809369)
(0.19000000320374966, 0.12220000192523002)
(0.10000000149011612, 0.12220000192523002)
(0.10000000149011612, 0.12120000191032887)
(0.10000000149011612, 0.12120000191032887)
(0.10000000149011612, 0.12030000189319252)
(0.10000000149011612, 0.12030000189319252)
(0.09000000171363354, 0.12030000189319252)
(0.10000000149011612, 0.12030000189319252)
(0.20000000298023224, 0.12030000189319252)
(0.10000000149011612, 0.11940000187605619)
(0.10000000149011612, 0.11940000187605619)
(0.10000000149011612, 0.11950000187382102)
(0.10000000149011612, 0.11950000187382102)
(0.10000000149011612, 0.11950000187382102)
(0.10000000149011612, 0.11950000187382102)
(0.10000000149011612, 0.11950000187382102)
(0.10000000149011612, 0.11950000187382102)
(0.10000000149011612, 0.11950000187382102)
(0.10000000149011612, 0.11860000185668468)
(0.10000000149011612, 0.11860000185668468)
(0.10000000149011612, 0.11870000185444951)
(0.10000000149011612, 0.11870000185444951)
(0.09000000171363354, 0.11860000185668468)
(0.10000000149011612, 0.11860000185668468)
(0.10000000149011612, 0.11770000183954835)
(0.10000000149011612, 0.11670000182464718)
(0.09000000171363354, 0.11660000182688236)
(0.20000000298023224, 0.11760000184178353)
(0.10000000149011612, 0.11760000184178353)
(0.09000000171363354, 0.1175000018440187)
(0.10000000149011612, 0.1175000018440187)
(0.10000000149011612, 0.1175000018440187)
(0.09000000171363354, 0.1175000018440187)
(0.10000000149011612, 0.1175000018440187)
(0.10000000149011612, 0.1175000018440187)
(0.20000000298023224, 0.1175000018440187)
(0.09000000171363354, 0.11650000182911753)
(0.10000000149011612, 0.11650000182911753)
(1.1000000163912773, 0.12650000197812916)
(0.10000000149011612, 0.12650000197812916)
(0.10000000149011612, 0.12660000197589397)
(0.10000000149011612, 0.12660000197589397)
(0.10000000149011612, 0.12660000197589397)
(0.09000000171363354, 0.12660000197589397)
(0.10000000149011612, 0.1267000019736588)
(0.10000000149011612, 0.1267000019736588)
(0.09000000171363354, 0.12570000195875763)
(0.10000000149011612, 0.12570000195875763)
(0.10000000149011612, 0.12570000195875763)
(0.10000000149011612, 0.12570000195875763)
(0.10000000149011612, 0.12570000195875763)
(0.09000000171363354, 0.12460000194609165)
(0.09000000171363354, 0.12450000194832683)
(0.10000000149011612, 0.12350000193342567)
(0.10000000149011612, 0.12360000193119049)
(0.10000000149011612, 0.12360000193119049)
(0.10000000149011612, 0.12360000193119049)
(0.09000000171363354, 0.1225000019185245)
(0.10000000149011612, 0.1225000019185245)
(0.09000000171363354, 0.1225000019185245)
(0.10000000149011612, 0.12160000190138817)
(0.10000000149011612, 0.12160000190138817)
(0.20000000298023224, 0.12260000191628934)
(0.09000000171363354, 0.12260000191628934)
(0.10000000149011612, 0.12160000190138817)
(0.09000000171363354, 0.12150000190362334)
(0.10000000149011612, 0.12150000190362334)
(0.10000000149011612, 0.12150000190362334)
(0.10000000149011612, 0.12160000190138817)
(0.10000000149011612, 0.12160000190138817)
(0.10000000149011612, 0.12060000188648701)
(0.09000000171363354, 0.12050000188872217)
(0.10000000149011612, 0.12050000188872217)
(0.10000000149011612, 0.12050000188872217)
(0.10000000149011612, 0.12050000188872217)
(0.09000000171363354, 0.11950000187382102)
(0.10000000149011612, 0.11850000185891986)
(0.09000000171363354, 0.11840000186115503)
(0.10000000149011612, 0.11850000185891986)
(0.20000000298023224, 0.11950000187382102)
(0.20000000298023224, 0.11950000187382102)
(0.10000000149011612, 0.11950000187382102)
(0.09000000171363354, 0.11940000187605619)
(0.10000000149011612, 0.11940000187605619)
(0.10000000149011612, 0.11840000186115503)
(0.09000000171363354, 0.11840000186115503)
(0.20000000298023224, 0.11940000187605619)
(0.10000000149011612, 0.11940000187605619)
(0.10000000149011612, 0.11940000187605619)
(0.09000000171363354, 0.11940000187605619)
(0.10000000149011612, 0.11940000187605619)
(0.09000000171363354, 0.11930000187829137)
(0.09000000171363354, 0.11830000186339021)
(0.1900000050663948, 0.11820000188425184)
(0.10000000149011612, 0.11830000188201666)
(0.10000000149011612, 0.11840000187978149)
(0.20000000298023224, 0.11850000187754631)
(0.10000000149011612, 0.11850000187754631)
(0.10000000149011612, 0.11860000187531114)
(0.10000000149011612, 0.11760000186040998)
(0.10000000149011612, 0.11670000184327364)
(0.09000000171363354, 0.11660000184550881)
(0.20000000298023224, 0.11760000186040998)
(0.20000000298023224, 0.11860000187531114)
(0.10000000149011612, 0.11860000187531114)
(0.09000000171363354, 0.11850000187754631)
(0.10000000149011612, 0.11860000187531114)
(0.10000000149011612, 0.11860000187531114)
(0.10000000149011612, 0.11760000186040998)
(0.10000000149011612, 0.11760000186040998)
(0.10000000149011612, 0.11760000186040998)
(0.10000000149011612, 0.11760000186040998)
(0.10000000149011612, 0.11760000186040998)
(0.10000000149011612, 0.11760000186040998)
(0.10000000149011612, 0.11760000186040998)
(0.09000000171363354, 0.11750000186264514)
(0.10000000149011612, 0.11750000186264514)
(0.09000000171363354, 0.11740000186488032)
(0.09000000171363354, 0.11730000186711549)
(0.20000000298023224, 0.11830000188201666)
(0.20000000298023224, 0.11930000189691782)
(0.09000000171363354, 0.11920000189915299)
(0.09000000171363354, 0.11920000189915299)
(0.10000000149011612, 0.11920000189915299)
(0.10000000149011612, 0.11920000189915299)
(0.09000000171363354, 0.11910000190138817)
(0.10000000149011612, 0.11920000189915299)
(0.10000000149011612, 0.11820000188425184)
(0.10000000149011612, 0.11820000188425184)
(0.10000000149011612, 0.11830000188201666)
(0.09000000171363354, 0.11820000188425184)
(0.10000000149011612, 0.11820000188425184)
(0.20000000298023224, 0.11930000189691782)
(0.10000000149011612, 0.11930000189691782)
(0.10000000149011612, 0.11930000189691782)
(0.10000000149011612, 0.11830000188201666)
(0.20000000298023224, 0.11940000189468264)
(0.10000000149011612, 0.11940000189468264)
(0.10000000149011612, 0.10940000174567104)
(0.10000000149011612, 0.10940000174567104)
(0.10000000149011612, 0.10940000174567104)
(0.10000000149011612, 0.10940000174567104)
(0.10000000149011612, 0.10940000174567104)
(0.10000000149011612, 0.10950000174343585)
(0.10000000149011612, 0.10950000174343585)
(0.10000000149011612, 0.10950000174343585)
(0.10000000149011612, 0.10960000174120069)
(0.10000000149011612, 0.10960000174120069)
(0.10000000149011612, 0.10960000174120069)
(0.10000000149011612, 0.10960000174120069)
(0.10000000149011612, 0.10960000174120069)
(0.30000000447034836, 0.11170000176876783)
(0.10000000149011612, 0.11180000176653265)
(0.30000000447034836, 0.11380000179633498)
(0.20000000298023224, 0.11480000181123615)
(0.10000000149011612, 0.11480000181123615)
(0.30000000447034836, 0.11680000184103846)
(0.10000000149011612, 0.1169000018388033)
(0.10000000149011612, 0.1169000018388033)
(0.10000000149011612, 0.11700000183656811)
(0.20000000298023224, 0.11800000185146928)
(0.20000000298023224, 0.11900000186637044)
(0.6000000089406967, 0.12300000192597509)
(0.10000000149011612, 0.1231000019237399)
(0.10000000149011612, 0.1231000019237399)
(0.09000000171363354, 0.1231000019237399)
(0.09000000171363354, 0.12300000192597509)
(0.20000000298023224, 0.12400000194087625)
(0.10000000149011612, 0.12400000194087625)
(0.10000000149011612, 0.12400000194087625)
(0.09000000171363354, 0.12390000194311142)
(0.10000000149011612, 0.12400000194087625)
(0.09000000171363354, 0.12390000194311142)
(0.09000000171363354, 0.1238000019453466)
(0.09000000171363354, 0.12370000194758177)
(0.10000000149011612, 0.1238000019453466)
(0.10000000149011612, 0.1238000019453466)
(0.09000000171363354, 0.1238000019453466)
(0.10000000149011612, 0.1238000019453466)
(0.10000000149011612, 0.12280000193044543)
(0.09000000171363354, 0.12170000191777945)
(0.10000000149011612, 0.12170000191777945)
(0.10000000149011612, 0.12180000191554427)
(0.10000000149011612, 0.12180000191554427)
(0.10000000149011612, 0.12180000191554427)
(0.10000000149011612, 0.1219000019133091)
(0.10000000149011612, 0.12090000189840794)
(0.10000000149011612, 0.12090000189840794)
(0.10000000149011612, 0.12090000189840794)
(0.10000000149011612, 0.12100000189617276)
(0.10000000149011612, 0.12100000189617276)
(0.10000000149011612, 0.12110000189393759)
(0.10000000149011612, 0.12120000189170241)
(0.10000000149011612, 0.12030000185593963)
(0.09000000171363354, 0.1202000018581748)
(0.10000000149011612, 0.1202000018581748)
(0.10000000149011612, 0.11920000184327365)
(0.09000000171363354, 0.11910000184550881)
(0.09000000171363354, 0.119000001847744)
(0.10000000149011612, 0.119000001847744)
(0.10000000149011612, 0.119000001847744)
(0.10000000149011612, 0.11910000184550881)
(0.09000000171363354, 0.11800000183284283)
(0.10000000149011612, 0.11700000181794167)
(0.10000000149011612, 0.11700000181794167)
(0.10000000149011612, 0.1171000018157065)
(0.10000000149011612, 0.1171000018157065)
(0.09000000171363354, 0.11700000181794167)
(0.09000000171363354, 0.11690000182017685)
(0.10000000149011612, 0.11690000182017685)
(0.10000000149011612, 0.11690000182017685)
(0.10000000149011612, 0.11690000182017685)
(0.09000000171363354, 0.11680000182241201)
(0.10000000149011612, 0.11680000182241201)
(0.09000000171363354, 0.11670000182464718)
(0.10000000149011612, 0.11680000182241201)
(0.10000000149011612, 0.11680000182241201)
(0.10000000149011612, 0.11690000182017685)
(0.09000000171363354, 0.11690000182017685)
(0.10000000149011612, 0.11590000180527568)
(0.10000000149011612, 0.11490000179037452)
(0.0, 0.11400000177323819)
(0.10000000149011612, 0.114100001771003)
(0.10000000149011612, 0.114100001771003)
(0.10000000149011612, 0.114100001771003)
(0.10000000149011612, 0.11420000176876784)
(0.10000000149011612, 0.11420000176876784)
(0.10000000149011612, 0.11420000176876784)
(0.10000000149011612, 0.11420000176876784)
(0.09000000171363354, 0.114100001771003)
(0.10000000149011612, 0.11420000176876784)
(0.10000000149011612, 0.11420000176876784)
(0.10000000149011612, 0.11320000175386667)
(0.10000000149011612, 0.11320000175386667)
(0.10000000149011612, 0.11320000175386667)
(0.10000000149011612, 0.11320000175386667)
(0.10000000149011612, 0.11220000173896551)
(0.10000000149011612, 0.11220000173896551)
(0.10000000149011612, 0.11220000173896551)
(0.10000000149011612, 0.11220000173896551)
(0.10000000149011612, 0.11220000173896551)
(0.10000000149011612, 0.11220000173896551)
(0.10000000149011612, 0.11220000173896551)
(0.10000000149011612, 0.11220000173896551)
(0.10000000149011612, 0.11220000173896551)
(0.10000000149011612, 0.11220000173896551)
(0.09000000171363354, 0.11210000174120069)
(0.10000000149011612, 0.11210000174120069)
(0.09000000171363354, 0.11200000174343586)
(0.10000000149011612, 0.11200000174343586)
(0.10000000149011612, 0.11200000174343586)
(0.10000000149011612, 0.11000000171363354)
(0.10000000149011612, 0.11000000171363354)
(0.20000000298023224, 0.10900000169873238)
(0.09000000171363354, 0.1079000016860664)
(0.10000000149011612, 0.1079000016860664)
(0.09000000171363354, 0.10580000165849925)
(0.09000000171363354, 0.10570000166073441)
(0.10000000149011612, 0.10570000166073441)
(0.20000000298023224, 0.10670000167563558)
(0.10000000149011612, 0.10570000166073441)
(0.09000000171363354, 0.10460000164806843)
(0.10000000149011612, 0.09960000157356262)
(0.10000000149011612, 0.09960000157356262)
(0.09000000171363354, 0.0995000015757978)
(0.10000000149011612, 0.09960000157356262)
(0.10000000149011612, 0.09970000157132745)
(0.10000000149011612, 0.09870000155642629)
(0.10000000149011612, 0.09870000155642629)
(0.10000000149011612, 0.09870000155642629)
(0.10000000149011612, 0.09880000155419111)
(0.10000000149011612, 0.09880000155419111)
(0.10000000149011612, 0.09890000155195594)
(0.10000000149011612, 0.09900000154972076)
(0.10000000149011612, 0.09910000154748559)
(0.09000000171363354, 0.09900000154972076)
(0.10000000149011612, 0.09900000154972076)
(0.09000000171363354, 0.09900000154972076)
(0.09000000171363354, 0.09890000155195594)
(0.10000000149011612, 0.09890000155195594)
(1.3000000193715096, 0.11100000172853469)
(0.10000000149011612, 0.11100000172853469)
(0.09000000171363354, 0.11090000173076987)
(0.10000000149011612, 0.11090000173076987)
(0.10000000149011612, 0.11090000173076987)
(0.09000000171363354, 0.11080000173300504)
(0.10000000149011612, 0.11080000173300504)
(0.10000000149011612, 0.11080000173300504)
(0.09000000171363354, 0.11070000173524022)
(0.10000000149011612, 0.11070000173524022)
(0.10000000149011612, 0.11070000173524022)
(0.10000000149011612, 0.11070000173524022)
(0.09000000171363354, 0.11060000173747539)
(0.09000000171363354, 0.11050000173971057)
(0.10000000149011612, 0.11060000173747539)
(0.10000000149011612, 0.11060000173747539)
(0.10000000149011612, 0.11060000173747539)
(0.10000000149011612, 0.11070000173524022)
(0.10000000149011612, 0.11080000173300504)
(0.20000000298023224, 0.1118000017479062)
(0.10000000149011612, 0.1118000017479062)
(0.10000000149011612, 0.1118000017479062)
(0.20000000298023224, 0.11290000176057219)
(0.09000000171363354, 0.11280000176280737)
(0.10000000149011612, 0.11280000176280737)
(0.19000000320374966, 0.1137000017799437)
(0.09000000171363354, 0.11360000178217888)
(0.10000000149011612, 0.1137000017799437)
(0.10000000149011612, 0.11380000177770853)
(0.10000000149011612, 0.11380000177770853)
(0.10000000149011612, 0.11380000177770853)
(0.10000000149011612, 0.11380000177770853)
(0.10000000149011612, 0.11390000177547335)
(0.09000000171363354, 0.11380000177770853)
(0.10000000149011612, 0.11390000177547335)
(0.10000000149011612, 0.11390000177547335)
(0.09000000171363354, 0.11380000177770853)
(0.10000000149011612, 0.11380000177770853)
(0.10000000149011612, 0.11390000177547335)
(0.10000000149011612, 0.11390000177547335)
(0.10000000149011612, 0.11390000177547335)
(0.10000000149011612, 0.11490000179037452)
(0.10000000149011612, 0.11490000179037452)
(0.10000000149011612, 0.11490000179037452)
(0.09000000171363354, 0.11480000179260968)
(0.10000000149011612, 0.11480000179260968)
(0.10000000149011612, 0.11480000179260968)
(0.10000000149011612, 0.11480000179260968)
(0.10000000149011612, 0.11480000179260968)
(0.10000000149011612, 0.11490000179037452)
(0.09000000171363354, 0.11480000179260968)
(0.10000000149011612, 0.11480000179260968)
(0.10000000149011612, 0.11480000179260968)
(0.09000000171363354, 0.11470000179484487)
(0.09000000171363354, 0.11460000179708003)
(0.09000000171363354, 0.11450000179931522)
(0.19000000320374966, 0.11540000181645155)
(0.10000000149011612, 0.11540000181645155)
(0.10000000149011612, 0.11540000181645155)
(0.10000000149011612, 0.11540000181645155)
(0.09000000171363354, 0.11530000181868673)
(0.10000000149011612, 0.11530000181868673)
(0.09000000171363354, 0.1152000018209219)
(0.09000000171363354, 0.11510000182315708)
(0.09000000171363354, 0.11500000182539225)
(0.09000000171363354, 0.11490000182762743)
(0.10000000149011612, 0.11500000182539225)
(0.09000000171363354, 0.11490000182762743)
(0.10000000149011612, 0.11500000182539225)
(0.10000000149011612, 0.11500000182539225)
(0.10000000149011612, 0.11500000182539225)
(0.10000000149011612, 0.11500000182539225)
(0.10000000149011612, 0.11500000182539225)
(0.10000000149011612, 0.11400000181049108)
(0.0, 0.11310000179335475)
(0.10000000149011612, 0.11310000179335475)
(0.0, 0.11220000177621842)
(0.09000000171363354, 0.11220000177621842)
(0.09000000171363354, 0.11210000177845358)
(0.10000000149011612, 0.11110000176355243)
(0.10000000149011612, 0.11110000176355243)
(0.10000000149011612, 0.11120000176131725)
(0.10000000149011612, 0.11120000176131725)
(0.10000000149011612, 0.11120000176131725)
(0.20000000298023224, 0.11230000177398324)
(0.10000000149011612, 0.11230000177398324)
(0.20000000298023224, 0.1133000017888844)
(0.10000000149011612, 0.1133000017888844)
(0.09000000171363354, 0.11320000179111958)
(0.10000000149011612, 0.11320000179111958)
(0.09000000171363354, 0.11310000179335475)
(0.10000000149011612, 0.11310000179335475)
(0.09000000171363354, 0.11300000179558993)
(0.6000000089406967, 0.11800000187009572)
(0.20000000298023224, 0.11900000188499689)
(0.20000000298023224, 0.12010000189766287)
(0.09000000171363354, 0.12000000189989805)
(0.30000000447034836, 0.1221000019274652)
(0.10000000149011612, 0.12220000192523002)
(0.10000000149011612, 0.12220000192523002)
(0.09000000171363354, 0.11010000174865127)
(0.10000000149011612, 0.11010000174865127)
(0.10000000149011612, 0.11020000174641609)
(0.10000000149011612, 0.11020000174641609)
(0.09000000171363354, 0.11010000174865127)
(0.09000000171363354, 0.11010000174865127)
(0.10000000149011612, 0.11010000174865127)
(0.20000000298023224, 0.11110000176355243)
(0.09000000171363354, 0.11110000176355243)
(0.10000000149011612, 0.11110000176355243)
(0.09000000171363354, 0.1110000017657876)
(0.10000000149011612, 0.1110000017657876)
(0.10000000149011612, 0.11110000176355243)
(0.10000000149011612, 0.11120000176131725)
(0.10000000149011612, 0.11120000176131725)
(0.10000000149011612, 0.11120000176131725)
(0.10000000149011612, 0.11120000176131725)
(0.09000000171363354, 0.11110000176355243)
(0.10000000149011612, 0.11110000176355243)
(1.0000000149011612, 0.11910000188276172)
(0.10000000149011612, 0.11910000188276172)
(0.10000000149011612, 0.11910000188276172)
(0.10000000149011612, 0.11810000186786056)
(0.09000000171363354, 0.11810000186786056)
(0.10000000149011612, 0.11810000186786056)
(0.09000000171363354, 0.11710000185295939)
(0.09000000171363354, 0.11710000185295939)
(0.10000000149011612, 0.11710000185295939)
(0.10000000149011612, 0.11710000185295939)
(0.10000000149011612, 0.11710000185295939)
(0.10000000149011612, 0.11710000185295939)
(0.09000000171363354, 0.11700000185519457)
(0.10000000149011612, 0.11700000185519457)
(0.10000000149011612, 0.11710000185295939)
(0.10000000149011612, 0.11710000185295939)
(0.10000000149011612, 0.11710000185295939)
(0.20000000298023224, 0.11820000186562538)
(0.10000000149011612, 0.11820000186562538)
(0.10000000149011612, 0.11820000186562538)
(0.09000000171363354, 0.11810000186786056)
(0.10000000149011612, 0.11810000186786056)
(0.09000000171363354, 0.11800000187009572)
(0.10000000149011612, 0.11800000187009572)
(0.10000000149011612, 0.11800000187009572)
(0.10000000149011612, 0.11810000186786056)
(0.10000000149011612, 0.11810000186786056)
(0.09000000171363354, 0.11800000187009572)
(0.10000000149011612, 0.11800000187009572)
(0.10000000149011612, 0.11800000187009572)
(0.0, 0.11700000185519457)
(0.0, 0.11610000183805823)
(0.20000000298023224, 0.11710000185295939)
(0.10000000149011612, 0.11710000185295939)
(0.10000000149011612, 0.11720000185072423)
(0.10000000149011612, 0.11730000184848904)
(0.10000000149011612, 0.11740000184625388)
(0.10000000149011612, 0.11650000182911753)
(0.10000000149011612, 0.11650000182911753)
(0.10000000149011612, 0.11650000182911753)
(0.10000000149011612, 0.11650000182911753)
(0.10000000149011612, 0.11660000182688236)
(0.19000000320374966, 0.1175000018440187)
(0.09000000171363354, 0.1175000018440187)
(0.09000000171363354, 0.1175000018440187)
(0.10000000149011612, 0.11760000184178353)
(0.10000000149011612, 0.11770000183954835)
(0.10000000149011612, 0.11770000183954835)
(0.10000000149011612, 0.11780000183731318)
(0.10000000149011612, 0.11780000183731318)
(0.10000000149011612, 0.11780000183731318)
(0.09000000171363354, 0.11770000183954835)
(0.09000000171363354, 0.11760000184178353)
(0.10000000149011612, 0.11760000184178353)
(0.10000000149011612, 0.11760000184178353)
(0.10000000149011612, 0.11860000185668468)
(0.10000000149011612, 0.11860000185668468)
(0.09000000171363354, 0.11950000187382102)
(0.09000000171363354, 0.11950000187382102)
(0.10000000149011612, 0.11960000187158584)
(0.09000000171363354, 0.11950000187382102)
(0.10000000149011612, 0.11950000187382102)
(0.10000000149011612, 0.11950000187382102)
(0.10000000149011612, 0.11950000187382102)
(0.09000000171363354, 0.11940000187605619)
(0.09000000171363354, 0.11830000186339021)
(0.10000000149011612, 0.11830000186339021)
(0.10000000149011612, 0.11730000184848904)
(0.10000000149011612, 0.11730000184848904)
(0.09000000171363354, 0.11730000184848904)
(0.20000000298023224, 0.11830000186339021)
(0.09000000171363354, 0.11830000186339021)
(0.10000000149011612, 0.11830000186339021)
(0.10000000149011612, 0.11840000186115503)
(0.09000000171363354, 0.1133000017888844)
(0.09000000171363354, 0.11220000177621842)
(0.10000000149011612, 0.11120000176131725)
(0.09000000171363354, 0.11120000176131725)
(0.10000000149011612, 0.10920000173151494)
(0.10000000149011612, 0.10920000173151494)
(0.09000000171363354, 0.1091000017337501)
(0.09000000171363354, 0.1091000017337501)
(0.09000000171363354, 0.10900000173598529)
(0.19000000320374966, 0.10990000175312162)
(0.09000000171363354, 0.10980000175535679)
(0.10000000149011612, 0.10990000175312162)
(0.10000000149011612, 0.11000000175088644)
(0.10000000149011612, 0.11000000175088644)
(0.10000000149011612, 0.10900000173598529)
(0.09000000171363354, 0.10900000173598529)
(0.09000000171363354, 0.10890000173822045)
(0.20000000298023224, 0.11000000175088644)
(0.09000000171363354, 0.10990000175312162)
(0.10000000149011612, 0.10990000175312162)
(0.0, 0.10890000173822045)
(0.09000000171363354, 0.10880000174045562)
(0.09000000171363354, 0.1087000017426908)
(0.09000000171363354, 0.10860000174492597)
(0.10000000149011612, 0.1087000017426908)
(0.09000000171363354, 0.10860000174492597)
(0.10000000149011612, 0.09960000161081553)
(0.20000000298023224, 0.10060000162571668)
(0.10000000149011612, 0.10060000162571668)
(0.10000000149011612, 0.10060000162571668)
(0.09000000171363354, 0.10060000162571668)
(0.09000000171363354, 0.10050000162795186)
(0.09000000171363354, 0.10050000162795186)
(0.09000000171363354, 0.10050000162795186)
(0.10000000149011612, 0.10050000162795186)
(0.09000000171363354, 0.10040000163018703)
(0.20000000298023224, 0.1014000016450882)
(0.09000000171363354, 0.10130000164732338)
(0.09000000171363354, 0.10130000164732338)
(0.10000000149011612, 0.10130000164732338)
(0.10000000149011612, 0.10130000164732338)
(0.20000000298023224, 0.10230000166222453)
(0.10000000149011612, 0.10230000166222453)
(0.10000000149011612, 0.10130000164732338)
(0.09000000171363354, 0.10120000164955854)
(0.10000000149011612, 0.10120000164955854)
(0.10000000149011612, 0.10130000164732338)
(0.10000000149011612, 0.10130000164732338)
(0.10000000149011612, 0.1014000016450882)
(0.10000000149011612, 0.1014000016450882)
(0.10000000149011612, 0.1014000016450882)
(0.10000000149011612, 0.1014000016450882)
(0.10000000149011612, 0.1014000016450882)
(0.10000000149011612, 0.10150000164285303)
(0.10000000149011612, 0.10150000164285303)
(0.09000000171363354, 0.1014000016450882)
(0.09000000171363354, 0.10230000166222453)
(0.10000000149011612, 0.10330000167712569)
(0.09000000171363354, 0.10220000166445971)
(0.09000000171363354, 0.10210000166669488)
(0.09000000171363354, 0.10200000166893006)
(0.09000000171363354, 0.10190000167116522)
(0.10000000149011612, 0.10190000167116522)
(0.10000000149011612, 0.10190000167116522)
(0.10000000149011612, 0.10190000167116522)
(0.10000000149011612, 0.10190000167116522)
(0.10000000149011612, 0.10190000167116522)
(0.10000000149011612, 0.10190000167116522)
(0.10000000149011612, 0.10100000165402889)
(0.10000000149011612, 0.10110000165179372)
(0.09000000171363354, 0.10110000165179372)
(0.20000000298023224, 0.10210000166669488)
(0.10000000149011612, 0.10210000166669488)
(0.10000000149011612, 0.10210000166669488)
(0.09000000171363354, 0.10200000166893006)
(0.10000000149011612, 0.10200000166893006)
(0.10000000149011612, 0.10200000166893006)
(0.10000000149011612, 0.10210000166669488)
(0.10000000149011612, 0.10220000166445971)
(0.10000000149011612, 0.10220000166445971)
(0.10000000149011612, 0.10220000166445971)
(0.10000000149011612, 0.10220000166445971)
(0.10000000149011612, 0.10220000166445971)
(0.10000000149011612, 0.10230000166222453)
(0.10000000149011612, 0.10240000165998936)
(0.10000000149011612, 0.10240000165998936)
(0.10000000149011612, 0.10250000165775418)
(0.10000000149011612, 0.10250000165775418)
(0.09000000171363354, 0.10240000165998936)
(0.10000000149011612, 0.10240000165998936)
(0.09000000171363354, 0.10240000165998936)
(0.10000000149011612, 0.10250000165775418)
(0.10000000149011612, 0.10250000165775418)
(0.10000000149011612, 0.10250000165775418)
(0.20000000298023224, 0.10350000167265534)
(0.10000000149011612, 0.10360000167042017)
(0.10000000149011612, 0.10260000165551901)
(0.09000000171363354, 0.10260000165551901)
(0.09000000171363354, 0.10250000165775418)
(0.10000000149011612, 0.10250000165775418)
(0.09000000171363354, 0.10250000165775418)
(0.10000000149011612, 0.10260000165551901)
(0.10000000149011612, 0.10260000165551901)
(0.09000000171363354, 0.10260000165551901)
(0.20000000298023224, 0.10360000167042017)
(0.10000000149011612, 0.10360000167042017)
(0.10000000149011612, 0.103700001668185)
(0.19000000320374966, 0.10470000168308616)
(0.20000000298023224, 0.10580000169575214)
(0.09000000171363354, 0.10480000168085098)
(0.10000000149011612, 0.10490000167861581)
(0.10000000149011612, 0.10490000167861581)
(0.10000000149011612, 0.10490000167861581)
(0.10000000149011612, 0.10490000167861581)
(0.10000000149011612, 0.10490000167861581)
(0.10000000149011612, 0.10500000167638063)
(0.10000000149011612, 0.10510000167414546)
(0.10000000149011612, 0.1041000016592443)
(0.09000000171363354, 0.1041000016592443)
(0.20000000298023224, 0.10510000167414546)
(0.10000000149011612, 0.10610000168904662)
(0.10000000149011612, 0.10620000168681144)
(0.10000000149011612, 0.10630000168457628)
(0.10000000149011612, 0.1064000016823411)
(0.10000000149011612, 0.1064000016823411)
(0.10000000149011612, 0.10650000168010593)
(0.10000000149011612, 0.10650000168010593)
(0.10000000149011612, 0.10550000166520476)
(0.20000000298023224, 0.10650000168010593)
(0.10000000149011612, 0.10650000168010593)
(0.10000000149011612, 0.10660000167787075)
(0.10000000149011612, 0.10670000167563558)
(0.10000000149011612, 0.1068000016734004)
(0.09000000171363354, 0.1068000016734004)
(0.10000000149011612, 0.1068000016734004)
(0.09000000171363354, 0.1068000016734004)
(0.09000000171363354, 0.10570000166073441)
(0.10000000149011612, 0.10580000165849925)
(0.10000000149011612, 0.10590000165626406)
(0.10000000149011612, 0.10590000165626406)
(0.10000000149011612, 0.10590000165626406)
(0.10000000149011612, 0.1049000016413629)
(0.09000000171363354, 0.10480000164359808)
(0.09000000171363354, 0.10470000164583325)
(0.10000000149011612, 0.10480000164359808)
(0.09000000171363354, 0.10470000164583325)
(0.10000000149011612, 0.10470000164583325)
(0.10000000149011612, 0.10470000164583325)
(0.09000000171363354, 0.10460000164806843)
(0.10000000149011612, 0.10460000164806843)
(0.10000000149011612, 0.10460000164806843)
(0.10000000149011612, 0.10460000164806843)
(0.10000000149011612, 0.10460000164806843)
(0.10000000149011612, 0.10460000164806843)
(0.10000000149011612, 0.10460000164806843)
(0.10000000149011612, 0.10470000164583325)
(0.20000000298023224, 0.10580000165849925)
(0.09000000171363354, 0.10570000166073441)
(0.10000000149011612, 0.10580000165849925)
(0.10000000149011612, 0.10590000165626406)
(0.10000000149011612, 0.1060000016540289)
(0.09000000171363354, 0.1060000016540289)
(0.10000000149011612, 0.1060000016540289)
(0.10000000149011612, 0.1060000016540289)
(0.10000000149011612, 0.1060000016540289)
(0.09000000171363354, 0.10590000165626406)
(0.10000000149011612, 0.10590000165626406)
(0.10000000149011612, 0.10590000165626406)
(0.10000000149011612, 0.10590000165626406)
(0.19000000320374966, 0.1068000016734004)
(0.2900000046938658, 0.10880000170320273)
(0.09000000171363354, 0.10770000169053674)
(0.10000000149011612, 0.10770000169053674)
(0.10000000149011612, 0.10770000169053674)
(0.10000000149011612, 0.10780000168830156)
(0.10000000149011612, 0.10780000168830156)
(0.10000000149011612, 0.10780000168830156)
(0.1900000050663948, 0.10870000172406435)
(0.4000000059604645, 0.11170000176876783)
(0.20000000298023224, 0.112700001783669)
(0.10000000149011612, 0.112700001783669)
(0.10000000149011612, 0.112700001783669)
(0.20000000298023224, 0.11370000179857015)
(0.10000000149011612, 0.11370000179857015)
(0.09000000357627869, 0.11360000181943178)
(0.09000000171363354, 0.11350000182166696)
(0.10000000149011612, 0.11350000182166696)
(0.10000000149011612, 0.11350000182166696)
(0.09000000171363354, 0.11350000182166696)
(0.10000000149011612, 0.11350000182166696)
(0.09000000171363354, 0.11350000182166696)
(0.10000000149011612, 0.11350000182166696)
(0.09000000171363354, 0.11340000182390213)
(0.09000000171363354, 0.11330000182613731)
(0.09000000171363354, 0.11220000181347131)
(0.09000000171363354, 0.1121000018157065)
(0.09000000171363354, 0.11200000181794166)
(0.09000000171363354, 0.11200000181794166)
(0.09000000171363354, 0.11200000181794166)
(0.10000000149011612, 0.11200000181794166)
(0.09000000171363354, 0.11200000181794166)
(0.10000000149011612, 0.11200000181794166)
(0.10000000149011612, 0.11200000181794166)
(0.20000000298023224, 0.11310000183060766)
(0.10000000149011612, 0.1121000018157065)
(0.09000000171363354, 0.11200000181794166)
(0.10000000149011612, 0.11200000181794166)
(0.10000000149011612, 0.11110000180080533)
(0.10000000149011612, 0.11010000178590416)
(0.09000000171363354, 0.11010000178590416)
(0.20000000298023224, 0.11110000180080533)
(0.20000000298023224, 0.1121000018157065)
(0.10000000149011612, 0.1121000018157065)
(0.10000000149011612, 0.1121000018157065)
(0.10000000149011612, 0.1121000018157065)
(0.10000000149011612, 0.1121000018157065)
(0.09000000171363354, 0.11200000181794166)
(0.10000000149011612, 0.11200000181794166)
(0.10000000149011612, 0.1121000018157065)
(0.10000000149011612, 0.11110000180080533)
(0.10000000149011612, 0.11110000180080533)
(0.10000000149011612, 0.11110000180080533)
(0.10000000149011612, 0.11110000180080533)
(0.09000000171363354, 0.11100000180304051)
(0.30000000447034836, 0.11300000183284283)
(0.09000000171363354, 0.112900001835078)
(0.09000000171363354, 0.11280000183731317)
(0.20000000298023224, 0.11380000185221434)
(0.3900000061839819, 0.11570000188425184)
(0.10000000149011612, 0.11570000188425184)
(0.10000000149011612, 0.11570000188425184)
(0.09000000171363354, 0.115600001886487)
(0.10000000149011612, 0.115600001886487)
(0.10000000149011612, 0.11570000188425184)
(0.09000000171363354, 0.115600001886487)
(0.10000000149011612, 0.11570000188425184)
(0.10000000149011612, 0.11580000188201665)
(0.19000000320374966, 0.116700001899153)
(0.20000000298023224, 0.11770000191405415)
(0.20000000298023224, 0.11870000192895531)
(0.10000000149011612, 0.11870000192895531)
(0.19000000320374966, 0.11960000194609165)
(0.10000000149011612, 0.11970000194385648)
(0.10000000149011612, 0.1198000019416213)
(0.10000000149011612, 0.1198000019416213)
(0.10000000149011612, 0.11990000193938613)
(0.10000000149011612, 0.11990000193938613)
(0.20000000298023224, 0.1209000019542873)
(0.10000000149011612, 0.12100000195205211)
(0.19000000320374966, 0.12190000196918845)
(0.10000000149011612, 0.12190000196918845)
(0.20000000298023224, 0.12290000198408961)
(0.20000000298023224, 0.12390000199899077)
(0.20000000298023224, 0.12490000201389194)
(0.10000000149011612, 0.12490000201389194)
(0.20000000298023224, 0.1259000020287931)
(0.10000000149011612, 0.12490000201389194)
(0.19000000320374966, 0.1259000020287931)
(0.30000000447034836, 0.12790000205859542)
(0.20000000298023224, 0.12890000207349658)
(0.10000000149011612, 0.12890000207349658)
(0.20000000298023224, 0.13000000208616258)
(0.10000000149011612, 0.13000000208616258)
(0.10000000149011612, 0.13000000208616258)
(0.20000000298023224, 0.13100000210106372)
(0.09000000171363354, 0.13100000210106372)
(0.10000000149011612, 0.13100000210106372)
(0.20000000298023224, 0.13200000211596488)
(0.20000000298023224, 0.13300000213086605)
(0.4000000059604645, 0.1351000021584332)
(0.20000000298023224, 0.13420000214129688)
(0.20000000298023224, 0.13530000215396285)
(0.10000000149011612, 0.13530000215396285)
(0.20000000298023224, 0.136300002168864)
(0.10000000149011612, 0.136300002168864)
(0.20000000298023224, 0.13730000218376517)
(0.20000000298023224, 0.13830000219866634)
(0.10000000149011612, 0.13740000216290355)
(0.20000000298023224, 0.13540000213310122)
(0.10000000149011612, 0.13440000211820005)
(0.20000000298023224, 0.13540000213310122)
(0.5900000110268593, 0.14030000222846867)
(0.10000000149011612, 0.1393000022135675)
(0.10000000149011612, 0.1393000022135675)
(0.20000000298023224, 0.14040000220760704)
(0.20000000298023224, 0.141500002220273)
(0.10000000149011612, 0.141500002220273)
(0.10000000149011612, 0.141500002220273)
(0.10000000149011612, 0.14160000221803784)
(0.10000000149011612, 0.14160000221803784)
(0.10000000149011612, 0.14170000221580267)
(0.10000000149011612, 0.14170000221580267)
(0.09000000171363354, 0.14170000221580267)
(0.30000000447034836, 0.1438000022433698)
(0.10000000149011612, 0.14390000224113464)
(0.10000000149011612, 0.14400000223889947)
(0.10000000149011612, 0.1441000022366643)
(0.10000000149011612, 0.1442000022344291)
(1.1000000163912773, 0.15430000238120556)
(0.10000000149011612, 0.15430000238120556)
(0.10000000149011612, 0.1544000023789704)
(0.10000000149011612, 0.1544000023789704)
(0.20000000298023224, 0.15540000239387156)
(0.20000000298023224, 0.15540000239387156)
(0.10000000149011612, 0.15540000239387156)
(0.10000000149011612, 0.15550000239163636)
(0.10000000149011612, 0.15550000239163636)
(0.10000000149011612, 0.15550000239163636)
(0.10000000149011612, 0.15550000239163636)
(0.10000000149011612, 0.1556000023894012)
(0.10000000149011612, 0.15460000237450003)
(0.10000000149011612, 0.15360000235959886)
(0.19000000320374966, 0.15450000237673522)
(0.20000000298023224, 0.15550000239163636)
(0.800000011920929, 0.1625000024959445)
(0.10000000149011612, 0.1625000024959445)
(0.19000000320374966, 0.16350000251084565)
(0.10000000149011612, 0.16350000251084565)
(0.10000000149011612, 0.16350000251084565)
(0.10000000149011612, 0.16350000251084565)
(0.10000000149011612, 0.16350000251084565)
(0.10000000149011612, 0.16350000251084565)
(0.10000000149011612, 0.16350000251084565)
(0.10000000149011612, 0.16360000250861048)
(0.10000000149011612, 0.16160000247880815)
(0.10000000149011612, 0.16170000247657298)
(0.10000000149011612, 0.16180000247433782)
(0.5000000074505806, 0.1648000025190413)
(0.30000000447034836, 0.16390000250190495)
(0.10000000149011612, 0.16390000250190495)
(0.20000000298023224, 0.16490000251680612)
(0.10000000149011612, 0.16500000251457095)
(0.10000000149011612, 0.16500000251457095)
(0.4000000059604645, 0.16800000255927444)
(0.10000000149011612, 0.16810000255703927)
(0.10000000149011612, 0.16810000255703927)
(0.10000000149011612, 0.16810000255703927)
(0.20000000298023224, 0.16820000255480408)
(0.7000000104308128, 0.1732000026293099)
(0.6900000106543303, 0.17810000270605086)
(0.20000000298023224, 0.17910000272095203)
(0.6000000089406967, 0.1832000027783215)
(0.4000000059604645, 0.18620000282302498)
(0.10000000149011612, 0.18620000282302498)
(0.10000000149011612, 0.18620000282302498)
(0.0, 0.18520000280812382)
(0.10000000149011612, 0.18520000280812382)
(0.19000000320374966, 0.185100002810359)
(1.0900000166147947, 0.1950000029616058)
(0.10000000149011612, 0.19410000294446944)
(0.10000000149011612, 0.19410000294446944)
(0.10000000149011612, 0.1931000029295683)
(0.10000000149011612, 0.19210000291466714)
(0.20000000298023224, 0.19210000291466714)
(0.10000000149011612, 0.19210000291466714)
(0.10000000149011612, 0.19110000289976597)
(0.5000000074505806, 0.1951000029593706)
(0.10000000149011612, 0.19420000294223427)
(0.4000000059604645, 0.19520000295713544)
(0.7000000104308128, 0.20020000303164123)
(0.10000000149011612, 0.20020000303164123)
(0.20000000298023224, 0.20020000303164123)
(0.20000000298023224, 0.2012000030465424)
(0.20000000298023224, 0.20220000306144356)
(0.4000000059604645, 0.2042000030912459)
(0.10000000149011612, 0.20430000308901072)
(0.10000000149011612, 0.20430000308901072)
(0.5000000074505806, 0.2073000031337142)
(0.10000000149011612, 0.20630000311881302)
(0.10000000149011612, 0.20330000307410956)
(0.10000000149011612, 0.2023000030592084)
(0.10000000149011612, 0.20130000304430723)
(0.10000000149011612, 0.20130000304430723)
(0.20000000298023224, 0.20130000304430723)
(0.10000000149011612, 0.20130000304430723)
(0.10000000149011612, 0.20030000302940607)
(0.0, 0.19830000299960374)
(0.19000000320374966, 0.1992000030167401)
(0.10000000149011612, 0.19820000300183893)
(0.10000000149011612, 0.19820000300183893)
(0.10000000149011612, 0.19720000298693777)
(0.19000000320374966, 0.19320000290870668)
(0.5000000074505806, 0.1972000029683113)
(0.10000000149011612, 0.1972000029683113)
(0.20000000298023224, 0.1972000029683113)
(0.10000000149011612, 0.19620000295341014)
(0.2900000046938658, 0.19810000298544764)
(0.10000000149011612, 0.19810000298544764)
(0.10000000149011612, 0.19810000298544764)
(0.10000000149011612, 0.19810000298544764)
(0.10000000149011612, 0.19810000298544764)
(0.10000000149011612, 0.19810000298544764)
(0.10000000149011612, 0.19820000298321247)
(0.10000000149011612, 0.19620000295341014)
(0.10000000149011612, 0.19620000295341014)
(0.20000000298023224, 0.1972000029683113)
(0.10000000149011612, 0.1972000029683113)
(0.10000000149011612, 0.1972000029683113)
(0.10000000149011612, 0.1872000028192997)
(0.5000000074505806, 0.19120000287890435)
(0.30000000447034836, 0.19320000290870668)
(0.20000000298023224, 0.19420000292360784)
(0.10000000149011612, 0.19320000290870668)
(1.390000021085143, 0.20510000308975576)
(0.10000000149011612, 0.20510000308975576)
(0.10000000149011612, 0.20510000308975576)
(0.20000000298023224, 0.20610000310465693)
(0.20000000298023224, 0.2071000031195581)
(0.10000000149011612, 0.2071000031195581)
(0.10000000149011612, 0.2071000031195581)
(0.30000000447034836, 0.20910000314936042)
(0.4000000059604645, 0.2121000031940639)
(0.10000000149011612, 0.21120000317692755)
(0.10000000149011612, 0.21020000316202642)
(0.10000000149011612, 0.20320000305771826)
(0.5000000074505806, 0.20720000311732292)
(0.19000000320374966, 0.20720000311732292)
(0.19000000320374966, 0.20810000313445925)
(0.4000000059604645, 0.21110000317916275)
(0.10000000149011612, 0.21110000317916275)
(0.10000000149011612, 0.21110000317916275)
(0.20000000298023224, 0.2121000031940639)
(0.4000000059604645, 0.21510000323876738)
(0.10000000149011612, 0.21510000323876738)
(0.30000000447034836, 0.2171000032685697)
(0.20000000298023224, 0.21810000328347087)
(0.4000000059604645, 0.22110000332817437)
(0.20000000298023224, 0.21810000328347087)
(1.0000000149011612, 0.225100003387779)
(0.10000000149011612, 0.225100003387779)
(0.20000000298023224, 0.225100003387779)
(0.19000000320374966, 0.22600000340491533)
(0.30000000447034836, 0.22800000343471766)
(0.20000000298023224, 0.22600000340491533)
(0.30000000447034836, 0.22800000343471766)
(0.4000000059604645, 0.23100000347942115)
(0.10000000149011612, 0.23100000347942115)
(0.10000000149011612, 0.23000000346452)
(0.10000000149011612, 0.224000003375113)
(0.6000000089406967, 0.22310000335797667)
(0.800000011920929, 0.22910000344738365)
(0.5000000074505806, 0.2281000034324825)
(1.3000000193715096, 0.23710000356659294)
(0.20000000298023224, 0.23810000358149408)
(0.19000000320374966, 0.23900000359863044)
(2.600000038743019, 0.2650000039860606)
(0.30000000447034836, 0.26700000401586294)
(0.10000000149011612, 0.26610000399872663)
(1.3000000193715096, 0.26820000402629374)
(1.9000000283122063, 0.28620000429451464)
(1.700000025331974, 0.3022000045329332)
(0.30000000447034836, 0.30420000456273555)
(0.10000000149011612, 0.30420000456273555)
(1.700000025331974, 0.319200004786253)
(0.10000000149011612, 0.319200004786253)
(2.3000000342726707, 0.3412000051140785)
(0.9000000134110451, 0.34520000517368316)
(2.600000038743019, 0.3702000055462122)
(2.600000038743019, 0.39220000587403775)
(2.7000000402331352, 0.412200006172061)
(1.3000000193715096, 0.4242000063508749)
(2.0000000298023224, 0.4422000066190958)
(0.10000000149011612, 0.4412000066041946)
(0.6000000089406967, 0.4452000066637993)
(0.10000000149011612, 0.4422000066190958)
(1.1000000163912773, 0.4522000067681074)
(0.10000000149011612, 0.4522000067681074)
(0.30000000447034836, 0.45020000673830507)
(0.10000000149011612, 0.45020000673830507)
(0.4000000059604645, 0.4532000067830086)
(2.400000035762787, 0.4762000071257353)
(0.10000000149011612, 0.4762000071257353)
(1.700000025331974, 0.49220000736415387)
(2.600000038743019, 0.5162000077217818)
