(0.0, 0.0)
(0.0, 0.0)
(0.0, 0.0)
(0.0, 0.0)
(0.0, 0.0)
(0.0, 0.0)
(0.0, 0.0)
(0.0, 0.0)
(0.0, 0.0)
(0.0, 0.0)
(0.0, 0.0)
(0.0, 0.0)
(0.0, 0.0)
(0.0, 0.0)
(0.0, 0.0)
(0.0, 0.0)
(0.0, 0.0)
(0.0, 0.0)
(0.0, 0.0)
(0.0, 0.0)
(0.0, 0.0)
(0.0, 0.0)
(0.0, 0.0)
(0.0, 0.0)
(0.0, 0.0)
(0.0, 0.0)
(0.0, 0.0)
(0.0, 0.0)
(0.0, 0.0)
(0.0, 0.0)
(0.0, 0.0)
(0.0, 0.0)
(0.0, 0.0)
(0.0, 0.0)
(0.0, 0.0)
(0.0, 0.0)
(0.0, 0.0)
(0.0, 0.0)
(0.0, 0.0)
(0.0, 0.0)
(0.0, 0.0)
(0.0, 0.0)
(0.0, 0.0)
(0.0, 0.0)
(0.0, 0.0)
(0.0, 0.0)
(0.0, 0.0)
(0.0, 0.0)
(0.0, 0.0)
(0.0, 0.0)
(0.0, 0.0)
(0.0, 0.0)
(0.0, 0.0)
(0.0, 0.0)
(0.0, 0.0)
(0.10000000149011612, 0.0017857143123235022)
(0.09000000171363354, 0.0033333333895394675)
(0.10000000149011612, 0.00500000008092872)
(0.0, 0.004915254316845183)
(0.0, 0.00483333341156443)
(0.0, 0.004754098437604357)
(0.0, 0.004677419430546222)
(0.0, 0.004603174677680409)
(0.0, 0.004531250073341653)
(0.0, 0.004461538533751781)
(0.0, 0.004393939465058573)
(0.0, 0.004328358279012922)
(0.0, 0.004264705951380379)
(0.0, 0.0042028986187516775)
(0.0, 0.0041428572099123685)
(0.0, 0.0040845071083643065)
(0.0, 0.004027777842970358)
(0.0, 0.003972602804025558)
(0.0, 0.003918918982349537)
(0.0, 0.0038666667292515436)
(0.0, 0.0038157895354456023)
(0.0, 0.0037662338271930622)
(0.0, 0.0037179487781264843)
(0.0, 0.0036708861353653894)
(0.0, 0.003625000058673322)
(0.0, 0.003580246971529207)
(0.0, 0.0035365854230959243)
(0.0, 0.0034939759601670577)
(0.0, 0.003452381008260307)
(0.0, 0.003411764761104303)
(0.0, 0.0033720930778356486)
(0.0, 0.0033333333872858136)
(0.0, 0.003295454598793929)
(0.0, 0.0032584270190322)
(0.0, 0.0032222222743762863)
(0.0, 0.0031868132383941292)
(0.0, 0.0031521739640637584)
(0.0, 0.003118279620364148)
(0.0, 0.0030851064329134657)
(0.0, 0.003052631628356482)
(0.0, 0.0030208333822277686)
(0.0, 0.002989690770039853)
(0.0, 0.002959183721365977)
(0.0, 0.002929292976705715)
(0.0, 0.0029000000469386576)
(0.0, 0.0029000000469386576)
(0.0, 0.0029000000469386576)
(0.0, 0.0029000000469386576)
(0.0, 0.0029000000469386576)
(0.0, 0.0029000000469386576)
(0.0, 0.0029000000469386576)
(0.0, 0.0029000000469386576)
(0.0, 0.0029000000469386576)
(0.0, 0.0029000000469386576)
(0.0, 0.0029000000469386576)
(0.0, 0.0029000000469386576)
(0.0, 0.0029000000469386576)
(0.0, 0.0029000000469386576)
(0.0, 0.0029000000469386576)
(0.0, 0.0029000000469386576)
(0.0, 0.0029000000469386576)
(0.0, 0.0029000000469386576)
(0.0, 0.0029000000469386576)
(0.0, 0.0029000000469386576)
(0.0, 0.0029000000469386576)
(0.0, 0.0029000000469386576)
(0.0, 0.0029000000469386576)
(0.0, 0.0029000000469386576)
(0.0, 0.0029000000469386576)
(0.0, 0.0029000000469386576)
(0.0, 0.0029000000469386576)
(0.0, 0.0029000000469386576)
(0.0, 0.0029000000469386576)
(0.0, 0.0029000000469386576)
(0.0, 0.0029000000469386576)
(0.0, 0.0029000000469386576)
(0.0, 0.0029000000469386576)
(0.0, 0.0029000000469386576)
(0.0, 0.0029000000469386576)
(0.0, 0.0029000000469386576)
(0.0, 0.0029000000469386576)
(0.0, 0.0029000000469386576)
(0.0, 0.0029000000469386576)
(0.0, 0.0029000000469386576)
(0.0, 0.0029000000469386576)
(0.0, 0.0029000000469386576)
(0.0, 0.0029000000469386576)
(0.0, 0.0029000000469386576)
(0.0, 0.0029000000469386576)
(0.0, 0.0029000000469386576)
(0.0, 0.0029000000469386576)
(0.0, 0.0029000000469386576)
(0.0, 0.0029000000469386576)
(0.0, 0.0029000000469386576)
(0.0, 0.0029000000469386576)
(0.0, 0.0029000000469386576)
(0.0, 0.0029000000469386576)
(0.0, 0.0029000000469386576)
(0.0, 0.0029000000469386576)
(0.0, 0.0029000000469386576)
(0.0, 0.0019000000320374966)
(0.0, 0.0010000000149011613)
(0.0, 0.0)
(0.0, 0.0)
(0.0, 0.0)
(0.0, 0.0)
(0.0, 0.0)
(0.0, 0.0)
(0.0, 0.0)
(0.0, 0.0)
(0.0, 0.0)
(0.0, 0.0)
(0.0, 0.0)
(0.0, 0.0)
(0.0, 0.0)
(0.0, 0.0)
(0.0, 0.0)
(0.0, 0.0)
(0.0, 0.0)
(0.0, 0.0)
(0.0, 0.0)
(0.0, 0.0)
(0.0, 0.0)
(0.0, 0.0)
(0.0, 0.0)
(0.0, 0.0)
(0.0, 0.0)
(0.0, 0.0)
(0.0, 0.0)
(0.0, 0.0)
(0.0, 0.0)
(0.0, 0.0)
(0.0, 0.0)
(0.0, 0.0)
(0.0, 0.0)
(0.0, 0.0)
(0.0, 0.0)
(0.0, 0.0)
(0.0, 0.0)
(0.0, 0.0)
(0.0, 0.0)
(0.0, 0.0)
(0.0, 0.0)
(0.0, 0.0)
(0.0, 0.0)
(0.10000000149011612, 0.0010000000149011613)
(0.20000000298023224, 0.0030000000447034836)
(0.10000000149011612, 0.004000000059604645)
(0.10000000149011612, 0.005000000074505806)
(0.0, 0.005000000074505806)
(0.10000000149011612, 0.006000000089406967)
(0.10000000149011612, 0.007000000104308128)
(0.10000000149011612, 0.00800000011920929)
(0.10000000149011612, 0.009000000134110451)
(0.0, 0.009000000134110451)
(0.0, 0.009000000134110451)
(0.0, 0.009000000134110451)
(0.0, 0.009000000134110451)
(0.0, 0.009000000134110451)
(0.0, 0.009000000134110451)
(0.0, 0.009000000134110451)
(0.10000000149011612, 0.010000000149011612)
(0.0, 0.010000000149011612)
(0.0, 0.010000000149011612)
(0.0, 0.010000000149011612)
(0.0, 0.010000000149011612)
(0.0, 0.010000000149011612)
(0.0, 0.010000000149011612)
(0.0, 0.010000000149011612)
(0.0, 0.010000000149011612)
(0.0, 0.010000000149011612)
(0.10000000149011612, 0.011000000163912773)
(0.0, 0.011000000163912773)
(0.0, 0.011000000163912773)
(0.0, 0.011000000163912773)
(0.0, 0.011000000163912773)
(0.0, 0.011000000163912773)
(0.0, 0.011000000163912773)
(0.0, 0.011000000163912773)
(0.0, 0.011000000163912773)
(0.0, 0.011000000163912773)
(0.0, 0.011000000163912773)
(0.0, 0.011000000163912773)
(0.0, 0.011000000163912773)
(0.0, 0.011000000163912773)
(0.0, 0.011000000163912773)
(0.0, 0.011000000163912773)
(0.0, 0.011000000163912773)
(0.0, 0.011000000163912773)
(0.0, 0.011000000163912773)
(0.0, 0.011000000163912773)
(0.0, 0.011000000163912773)
(0.0, 0.011000000163912773)
(0.0, 0.011000000163912773)
(0.0, 0.011000000163912773)
(0.0, 0.011000000163912773)
(0.0, 0.011000000163912773)
(0.0, 0.011000000163912773)
(0.0, 0.011000000163912773)
(0.0, 0.011000000163912773)
(0.0, 0.011000000163912773)
(0.0, 0.011000000163912773)
(0.0, 0.011000000163912773)
(0.0, 0.011000000163912773)
(0.0, 0.011000000163912773)
(0.0, 0.011000000163912773)
(0.0, 0.011000000163912773)
(0.0, 0.011000000163912773)
(0.0, 0.011000000163912773)
(0.0, 0.011000000163912773)
(0.0, 0.011000000163912773)
(0.0, 0.011000000163912773)
(0.0, 0.011000000163912773)
(0.0, 0.011000000163912773)
(0.0, 0.011000000163912773)
(0.0, 0.011000000163912773)
(0.0, 0.011000000163912773)
(0.0, 0.011000000163912773)
(0.0, 0.011000000163912773)
(0.0, 0.011000000163912773)
(0.0, 0.011000000163912773)
(0.0, 0.011000000163912773)
(0.0, 0.011000000163912773)
(0.0, 0.011000000163912773)
(0.0, 0.011000000163912773)
(0.0, 0.011000000163912773)
(0.0, 0.011000000163912773)
(0.0, 0.011000000163912773)
(0.0, 0.011000000163912773)
(0.0, 0.011000000163912773)
(0.0, 0.011000000163912773)
(0.0, 0.011000000163912773)
(0.0, 0.011000000163912773)
(0.0, 0.011000000163912773)
(0.0, 0.011000000163912773)
(0.0, 0.011000000163912773)
(0.0, 0.011000000163912773)
(0.0, 0.011000000163912773)
(0.0, 0.011000000163912773)
(0.0, 0.011000000163912773)
(0.0, 0.011000000163912773)
(0.0, 0.011000000163912773)
(0.0, 0.011000000163912773)
(0.0, 0.011000000163912773)
(0.0, 0.011000000163912773)
(0.0, 0.010000000149011612)
(0.0, 0.00800000011920929)
(0.0, 0.007000000104308128)
(0.0, 0.006000000089406967)
(0.0, 0.006000000089406967)
(0.0, 0.005000000074505806)
(0.0, 0.004000000059604645)
(0.0, 0.0030000000447034836)
(0.0, 0.0020000000298023225)
(0.0, 0.0020000000298023225)
(0.0, 0.0020000000298023225)
(0.0, 0.0020000000298023225)
(0.0, 0.0020000000298023225)
(0.0, 0.0020000000298023225)
(0.0, 0.0020000000298023225)
(0.0, 0.0020000000298023225)
(0.0, 0.0010000000149011613)
(0.0, 0.0010000000149011613)
(0.0, 0.0010000000149011613)
(0.0, 0.0010000000149011613)
(0.0, 0.0010000000149011613)
(0.0, 0.0010000000149011613)
(0.0, 0.0010000000149011613)
(0.0, 0.0010000000149011613)
(0.0, 0.0010000000149011613)
(0.0, 0.0010000000149011613)
(0.0, 0.0)
(0.0, 0.0)
(0.0, 0.0)
(0.0, 0.0)
(0.0, 0.0)
(0.0, 0.0)
(0.0, 0.0)
(0.0, 0.0)
(0.0, 0.0)
(0.0, 0.0)
(0.0, 0.0)
(0.0, 0.0)
(0.0, 0.0)
(0.0, 0.0)
(0.0, 0.0)
(0.0, 0.0)
(0.0, 0.0)
(0.0, 0.0)
(0.0, 0.0)
(0.0, 0.0)
(0.0, 0.0)
(0.0, 0.0)
(0.0, 0.0)
(0.0, 0.0)
(0.0, 0.0)
(0.0, 0.0)
(0.0, 0.0)
(0.0, 0.0)
(0.0, 0.0)
(0.0, 0.0)
(0.0, 0.0)
(0.0, 0.0)
(0.0, 0.0)
(0.0, 0.0)
(0.0, 0.0)
(0.0, 0.0)
(0.0, 0.0)
(0.0, 0.0)
(0.0, 0.0)
(0.0, 0.0)
(0.0, 0.0)
(0.0, 0.0)
(0.0, 0.0)
(0.0, 0.0)
(0.0, 0.0)
(0.0, 0.0)
(0.0, 0.0)
(0.0, 0.0)
(0.0, 0.0)
(0.0, 0.0)
(0.0, 0.0)
(0.0, 0.0)
(0.0, 0.0)
(0.0, 0.0)
(0.0, 0.0)
(0.0, 0.0)
(0.0, 0.0)
(0.0, 0.0)
(0.0, 0.0)
(0.0, 0.0)
(0.0, 0.0)
(0.0, 0.0)
(0.0, 0.0)
(0.0, 0.0)
(0.0, 0.0)
(0.0, 0.0)
(0.0, 0.0)
(0.0, 0.0)
(0.0, 0.0)
(0.0, 0.0)
(0.0, 0.0)
(0.0, 0.0)
(0.0, 0.0)
(0.0, 0.0)
(0.0, 0.0)
(0.0, 0.0)
(0.0, 0.0)
(0.0, 0.0)
(0.0, 0.0)
(0.0, 0.0)
(0.0, 0.0)
(0.0, 0.0)
(0.0, 0.0)
(0.0, 0.0)
(0.0, 0.0)
(0.0, 0.0)
(0.0, 0.0)
(0.0, 0.0)
(0.0, 0.0)
(0.0, 0.0)
(0.0, 0.0)
(0.0, 0.0)
(0.0, 0.0)
(0.0, 0.0)
(0.0, 0.0)
(0.0, 0.0)
(0.0, 0.0)
(0.0, 0.0)
(0.0, 0.0)
(0.0, 0.0)
(0.0, 0.0)
(0.0, 0.0)
(0.0, 0.0)
(0.0, 0.0)
(0.0, 0.0)
(0.0, 0.0)
(0.0, 0.0)
(0.0, 0.0)
(0.0, 0.0)
(0.0, 0.0)
(0.0, 0.0)
(0.0, 0.0)
(0.0, 0.0)
(0.0, 0.0)
(0.0, 0.0)
(0.0, 0.0)
(0.0, 0.0)
(0.0, 0.0)
(0.0, 0.0)
(0.0, 0.0)
(0.0, 0.0)
(0.0, 0.0)
(0.0, 0.0)
(0.0, 0.0)
(0.0, 0.0)
(0.0, 0.0)
(0.0, 0.0)
(0.0, 0.0)
(0.0, 0.0)
(0.0, 0.0)
(0.0, 0.0)
(0.0, 0.0)
(0.0, 0.0)
(0.0, 0.0)
(0.0, 0.0)
(0.0, 0.0)
(0.0, 0.0)
(0.0, 0.0)
(0.0, 0.0)
(0.0, 0.0)
(0.0, 0.0)
(0.0, 0.0)
(0.0, 0.0)
(0.0, 0.0)
(0.0, 0.0)
(0.0, 0.0)
(0.0, 0.0)
(0.0, 0.0)
(0.0, 0.0)
(0.0, 0.0)
(0.0, 0.0)
(0.0, 0.0)
(0.0, 0.0)
(0.0, 0.0)
(0.0, 0.0)
(0.0, 0.0)
(0.0, 0.0)
(0.0, 0.0)
(0.0, 0.0)
(0.0, 0.0)
(0.0, 0.0)
(0.0, 0.0)
(0.0, 0.0)
(0.0, 0.0)
(0.0, 0.0)
(0.0, 0.0)
(0.0, 0.0)
(0.0, 0.0)
(0.0, 0.0)
(0.0, 0.0)
(0.0, 0.0)
(0.0, 0.0)
(0.0, 0.0)
(0.0, 0.0)
(0.0, 0.0)
(0.0, 0.0)
(0.0, 0.0)
(0.0, 0.0)
(0.0, 0.0)
(0.0, 0.0)
(0.0, 0.0)
(0.0, 0.0)
(0.0, 0.0)
(0.0, 0.0)
(0.0, 0.0)
(0.0, 0.0)
(0.0, 0.0)
(0.0, 0.0)
(0.0, 0.0)
(0.0, 0.0)
(0.0, 0.0)
(0.0, 0.0)
(0.0, 0.0)
(0.0, 0.0)
(0.0, 0.0)
(0.0, 0.0)
(0.0, 0.0)
(0.0, 0.0)
(0.0, 0.0)
(0.0, 0.0)
(0.0, 0.0)
(0.0, 0.0)
(0.0, 0.0)
(0.0, 0.0)
(0.0, 0.0)
(0.0, 0.0)
(0.0, 0.0)
(0.0, 0.0)
(0.0, 0.0)
(0.0, 0.0)
(0.0, 0.0)
(0.0, 0.0)
(0.0, 0.0)
(0.0, 0.0)
(0.0, 0.0)
(0.0, 0.0)
(0.0, 0.0)
(0.0, 0.0)
(0.0, 0.0)
(0.0, 0.0)
(0.0, 0.0)
(0.0, 0.0)
(0.0, 0.0)
(0.0, 0.0)
(0.0, 0.0)
(0.0, 0.0)
(0.0, 0.0)
(0.0, 0.0)
(0.0, 0.0)
(0.0, 0.0)
(0.0, 0.0)
(0.0, 0.0)
(0.0, 0.0)
(0.0, 0.0)
(0.0, 0.0)
(0.0, 0.0)
(0.0, 0.0)
(0.0, 0.0)
(0.0, 0.0)
(0.0, 0.0)
(0.0, 0.0)
(0.0, 0.0)
(0.0, 0.0)
(0.0, 0.0)
(0.0, 0.0)
(0.0, 0.0)
(0.0, 0.0)
(0.0, 0.0)
(0.0, 0.0)
(0.0, 0.0)
(0.0, 0.0)
(0.0, 0.0)
(0.0, 0.0)
(0.0, 0.0)
(0.0, 0.0)
(0.0, 0.0)
(0.0, 0.0)
(0.0, 0.0)
(0.0, 0.0)
(0.0, 0.0)
(0.0, 0.0)
(0.0, 0.0)
(0.0, 0.0)
(0.0, 0.0)
(0.0, 0.0)
(0.0, 0.0)
(0.0, 0.0)
(0.0, 0.0)
(0.0, 0.0)
(0.0, 0.0)
(0.0, 0.0)
(0.0, 0.0)
(0.0, 0.0)
(0.0, 0.0)
(0.0, 0.0)
(0.0, 0.0)
(0.0, 0.0)
(0.0, 0.0)
(0.0, 0.0)
(0.0, 0.0)
(0.0, 0.0)
(0.0, 0.0)
(0.0, 0.0)
(0.0, 0.0)
(0.0, 0.0)
(0.0, 0.0)
(0.0, 0.0)
(0.0, 0.0)
(0.0, 0.0)
(0.0, 0.0)
(0.0, 0.0)
(0.0, 0.0)
(0.0, 0.0)
(0.0, 0.0)
(0.0, 0.0)
(0.0, 0.0)
(0.0, 0.0)
(0.0, 0.0)
(0.0, 0.0)
(0.0, 0.0)
(0.0, 0.0)
(0.0, 0.0)
(0.0, 0.0)
(0.0, 0.0)
(0.0, 0.0)
(0.0, 0.0)
(0.0, 0.0)
(0.0, 0.0)
(0.0, 0.0)
(0.0, 0.0)
(0.0, 0.0)
(0.0, 0.0)
(0.0, 0.0)
(0.0, 0.0)
(0.0, 0.0)
(0.0, 0.0)
(0.0, 0.0)
(0.0, 0.0)
(0.0, 0.0)
(0.0, 0.0)
(0.0, 0.0)
(0.0, 0.0)
(0.0, 0.0)
(0.0, 0.0)
(0.0, 0.0)
(0.0, 0.0)
(0.0, 0.0)
(0.0, 0.0)
(0.0, 0.0)
(0.0, 0.0)
(0.0, 0.0)
(0.0, 0.0)
(0.0, 0.0)
(0.0, 0.0)
(0.0, 0.0)
(0.0, 0.0)
(0.0, 0.0)
(0.0, 0.0)
(0.0, 0.0)
(0.0, 0.0)
(0.0, 0.0)
(0.0, 0.0)
(0.0, 0.0)
(0.0, 0.0)
(0.0, 0.0)
(0.0, 0.0)
(0.0, 0.0)
(0.0, 0.0)
(0.0, 0.0)
(0.0, 0.0)
(0.0, 0.0)
(0.0, 0.0)
(0.0, 0.0)
(0.0, 0.0)
(0.10000000149011612, 0.0010000000149011613)
(0.0, 0.0010000000149011613)
(0.0, 0.0010000000149011613)
(0.0, 0.0010000000149011613)
(0.0, 0.0010000000149011613)
(0.0, 0.0010000000149011613)
(0.0, 0.0010000000149011613)
(0.0, 0.0010000000149011613)
(0.0, 0.0010000000149011613)
(0.0, 0.0010000000149011613)
(0.0, 0.0010000000149011613)
(0.0, 0.0010000000149011613)
(0.0, 0.0010000000149011613)
(0.0, 0.0010000000149011613)
(0.0, 0.0010000000149011613)
(0.0, 0.0010000000149011613)
(0.0, 0.0010000000149011613)
(0.0, 0.0010000000149011613)
(0.0, 0.0010000000149011613)
(0.0, 0.0010000000149011613)
(0.0, 0.0010000000149011613)
(0.0, 0.0010000000149011613)
(0.0, 0.0010000000149011613)
(0.0, 0.0010000000149011613)
(0.0, 0.0010000000149011613)
(0.0, 0.0010000000149011613)
(0.0, 0.0010000000149011613)
(0.0, 0.0010000000149011613)
(0.0, 0.0010000000149011613)
(0.0, 0.0010000000149011613)
(0.0, 0.0010000000149011613)
(0.0, 0.0010000000149011613)
(0.0, 0.0010000000149011613)
(0.0, 0.0010000000149011613)
(0.0, 0.0010000000149011613)
(0.0, 0.0010000000149011613)
(0.0, 0.0010000000149011613)
(0.0, 0.0010000000149011613)
(0.0, 0.0010000000149011613)
(0.0, 0.0010000000149011613)
(0.0, 0.0010000000149011613)
(0.0, 0.0010000000149011613)
(0.0, 0.0010000000149011613)
(0.0, 0.0010000000149011613)
(0.0, 0.0010000000149011613)
(0.0, 0.0010000000149011613)
(0.0, 0.0010000000149011613)
(0.0, 0.0010000000149011613)
(0.0, 0.0010000000149011613)
(0.0, 0.0010000000149011613)
(0.0, 0.0010000000149011613)
(0.0, 0.0010000000149011613)
(0.0, 0.0010000000149011613)
(0.0, 0.0010000000149011613)
(0.0, 0.0010000000149011613)
(0.0, 0.0010000000149011613)
(0.0, 0.0010000000149011613)
(0.0, 0.0010000000149011613)
(0.0, 0.0010000000149011613)
(0.0, 0.0010000000149011613)
(0.0, 0.0010000000149011613)
(0.0, 0.0010000000149011613)
(0.0, 0.0010000000149011613)
(0.0, 0.0010000000149011613)
(0.0, 0.0010000000149011613)
(0.0, 0.0010000000149011613)
(0.0, 0.0010000000149011613)
(0.0, 0.0010000000149011613)
(0.0, 0.0010000000149011613)
(0.0, 0.0010000000149011613)
(0.0, 0.0010000000149011613)
(0.0, 0.0010000000149011613)
(0.0, 0.0010000000149011613)
(0.0, 0.0010000000149011613)
(0.0, 0.0010000000149011613)
(0.0, 0.0010000000149011613)
(0.0, 0.0010000000149011613)
(0.0, 0.0010000000149011613)
(0.0, 0.0010000000149011613)
(0.0, 0.0010000000149011613)
(0.0, 0.0010000000149011613)
(0.0, 0.0010000000149011613)
(0.0, 0.0010000000149011613)
(0.0, 0.0010000000149011613)
(0.0, 0.0010000000149011613)
(0.0, 0.0010000000149011613)
(0.0, 0.0010000000149011613)
(0.0, 0.0010000000149011613)
(0.0, 0.0010000000149011613)
(0.0, 0.0010000000149011613)
(0.0, 0.0010000000149011613)
(0.0, 0.0010000000149011613)
(0.0, 0.0010000000149011613)
(0.0, 0.0010000000149011613)
(0.0, 0.0010000000149011613)
(0.0, 0.0010000000149011613)
(0.0, 0.0010000000149011613)
(0.0, 0.0010000000149011613)
(0.0, 0.0010000000149011613)
(0.0, 0.0010000000149011613)
(0.0, 0.0)
(0.10000000149011612, 0.0010000000149011613)
(0.0, 0.0010000000149011613)
(0.0, 0.0010000000149011613)
(0.0, 0.0010000000149011613)
(0.0, 0.0010000000149011613)
(0.0, 0.0010000000149011613)
(0.0, 0.0010000000149011613)
(0.0, 0.0010000000149011613)
(0.0, 0.0010000000149011613)
(0.0, 0.0010000000149011613)
(0.0, 0.0010000000149011613)
(0.0, 0.0010000000149011613)
(0.0, 0.0010000000149011613)
(0.0, 0.0010000000149011613)
(0.0, 0.0010000000149011613)
(0.0, 0.0010000000149011613)
(0.0, 0.0010000000149011613)
(0.0, 0.0010000000149011613)
(0.0, 0.0010000000149011613)
(0.0, 0.0010000000149011613)
(0.0, 0.0010000000149011613)
(0.10000000149011612, 0.0020000000298023225)
(0.0, 0.0020000000298023225)
(0.0, 0.0020000000298023225)
(0.10000000149011612, 0.0030000000447034836)
(0.0, 0.0030000000447034836)
(0.10000000149011612, 0.004000000059604645)
(0.0, 0.004000000059604645)
(0.0, 0.004000000059604645)
(0.10000000149011612, 0.005000000074505806)
(0.10000000149011612, 0.006000000089406967)
(0.0, 0.006000000089406967)
(0.0, 0.006000000089406967)
(0.0, 0.006000000089406967)
(0.0, 0.006000000089406967)
(0.0, 0.006000000089406967)
(0.0, 0.006000000089406967)
(0.10000000149011612, 0.007000000104308128)
(0.10000000149011612, 0.00800000011920929)
(0.0, 0.00800000011920929)
(0.0, 0.00800000011920929)
(0.0, 0.00800000011920929)
(0.0, 0.00800000011920929)
(0.0, 0.00800000011920929)
(0.0, 0.00800000011920929)
(0.0, 0.00800000011920929)
(0.10000000149011612, 0.009000000134110451)
(0.09000000171363354, 0.009900000151246787)
(0.10000000149011612, 0.010900000166147948)
(0.10000000149011612, 0.011900000181049109)
(0.10000000149011612, 0.01290000019595027)
(0.0, 0.01290000019595027)
(0.10000000149011612, 0.013900000210851431)
(0.10000000149011612, 0.014900000225752592)
(0.10000000149011612, 0.015900000240653755)
(0.10000000149011612, 0.016900000255554916)
(0.0, 0.016900000255554916)
(0.10000000149011612, 0.017900000270456077)
(0.0, 0.017900000270456077)
(0.0, 0.017900000270456077)
(0.0, 0.017900000270456077)
(0.09000000171363354, 0.018800000287592412)
(0.0, 0.018800000287592412)
(0.0, 0.018800000287592412)
(0.0, 0.018800000287592412)
(0.0, 0.018800000287592412)
(0.0, 0.018800000287592412)
(0.0, 0.018800000287592412)
(0.0, 0.018800000287592412)
(0.0, 0.018800000287592412)
(0.10000000149011612, 0.019800000302493573)
(0.0, 0.019800000302493573)
(0.0, 0.019800000302493573)
(0.0, 0.019800000302493573)
(0.0, 0.019800000302493573)
(0.10000000149011612, 0.020800000317394735)
(0.09000000171363354, 0.02170000033453107)
(0.10000000149011612, 0.02270000034943223)
(0.0, 0.02270000034943223)
(0.0, 0.02270000034943223)
(0.10000000149011612, 0.023700000364333392)
(0.10000000149011612, 0.024700000379234553)
(0.0, 0.024700000379234553)
(0.0, 0.024700000379234553)
(0.0, 0.024700000379234553)
(0.10000000149011612, 0.025700000394135714)
(0.10000000149011612, 0.026700000409036875)
(0.09000000171363354, 0.02760000042617321)
(0.0, 0.02760000042617321)
(0.0, 0.02760000042617321)
(0.0, 0.02760000042617321)
(0.0, 0.02760000042617321)
(0.10000000149011612, 0.028600000441074372)
(0.09000000171363354, 0.029500000458210707)
(0.10000000149011612, 0.03050000047311187)
(0.0, 0.03050000047311187)
(0.0, 0.03050000047311187)
(0.10000000149011612, 0.031500000488013026)
(0.10000000149011612, 0.03250000050291419)
(0.10000000149011612, 0.03350000051781535)
(0.10000000149011612, 0.03350000051781535)
(0.10000000149011612, 0.03450000053271651)
(0.10000000149011612, 0.03550000054761768)
(0.10000000149011612, 0.036500000562518835)
(0.10000000149011612, 0.03750000057742)
(0.10000000149011612, 0.03850000059232116)
(0.10000000149011612, 0.03950000060722232)
(0.10000000149011612, 0.04050000062212348)
(0.10000000149011612, 0.041500000637024644)
(0.10000000149011612, 0.0425000006519258)
(0.10000000149011612, 0.043500000666826966)
(0.10000000149011612, 0.04450000068172812)
(0.0, 0.04450000068172812)
(0.10000000149011612, 0.04550000069662929)
(0.10000000149011612, 0.046500000711530445)
(0.10000000149011612, 0.04750000072643161)
(0.10000000149011612, 0.04850000074133277)
(0.10000000149011612, 0.04950000075623393)
(0.10000000149011612, 0.05050000077113509)
(0.10000000149011612, 0.051500000786036254)
(0.10000000149011612, 0.05250000080093741)
(0.10000000149011612, 0.05250000080093741)
(0.10000000149011612, 0.053500000815838576)
(0.10000000149011612, 0.054500000830739734)
(0.10000000149011612, 0.054500000830739734)
(0.10000000149011612, 0.0555000008456409)
(0.10000000149011612, 0.0555000008456409)
(0.10000000149011612, 0.056500000860542056)
(0.10000000149011612, 0.05750000087544322)
(0.10000000149011612, 0.05750000087544322)
(0.09000000171363354, 0.057400000877678395)
(0.10000000149011612, 0.05840000089257955)
(0.10000000149011612, 0.05940000090748072)
(0.10000000149011612, 0.060400000922381875)
(0.10000000149011612, 0.06140000093728304)
(0.10000000149011612, 0.062400000952184204)
(0.10000000149011612, 0.06340000096708537)
(0.10000000149011612, 0.06340000096708537)
(0.10000000149011612, 0.06340000096708537)
(0.10000000149011612, 0.06440000098198652)
(0.10000000149011612, 0.06540000099688768)
(0.20000000298023224, 0.06740000102669001)
(0.10000000149011612, 0.06840000104159116)
(0.10000000149011612, 0.06940000105649233)
(0.10000000149011612, 0.07040000107139349)
(0.10000000149011612, 0.07140000108629466)
(0.10000000149011612, 0.07140000108629466)
(0.10000000149011612, 0.07150000108405948)
(0.10000000149011612, 0.07150000108405948)
(0.20000000298023224, 0.07250000109896064)
(0.10000000149011612, 0.07250000109896064)
(0.20000000298023224, 0.07450000112876295)
(0.10000000149011612, 0.07450000112876295)
(0.10000000149011612, 0.07450000112876295)
(0.10000000149011612, 0.07450000112876295)
(0.10000000149011612, 0.07450000112876295)
(0.10000000149011612, 0.07550000114366412)
(0.10000000149011612, 0.07550000114366412)
(0.10000000149011612, 0.07650000115856528)
(0.10000000149011612, 0.07750000117346645)
(0.09000000171363354, 0.07840000119060278)
(0.10000000149011612, 0.0785000011883676)
(0.10000000149011612, 0.07950000120326876)
(0.10000000149011612, 0.08050000121816993)
(0.10000000149011612, 0.08150000123307109)
(0.10000000149011612, 0.08250000124797224)
(0.10000000149011612, 0.08350000126287341)
(0.10000000149011612, 0.08450000127777457)
(0.10000000149011612, 0.08550000129267574)
(0.09000000171363354, 0.08640000130981207)
(0.10000000149011612, 0.08640000130981207)
(0.10000000149011612, 0.08740000132471323)
(0.10000000149011612, 0.0884000013396144)
(0.09000000171363354, 0.08930000135675073)
(0.10000000149011612, 0.0903000013716519)
(0.09000000171363354, 0.09020000137388706)
(0.10000000149011612, 0.0903000013716519)
(0.10000000149011612, 0.0903000013716519)
(0.09000000171363354, 0.09120000138878823)
(0.10000000149011612, 0.09220000140368939)
(0.10000000149011612, 0.09220000140368939)
(0.10000000149011612, 0.09220000140368939)
(0.10000000149011612, 0.09320000141859054)
(0.10000000149011612, 0.0942000014334917)
(0.10000000149011612, 0.09520000144839287)
(0.10000000149011612, 0.09520000144839287)
(0.10000000149011612, 0.09520000144839287)
(0.10000000149011612, 0.09530000144615769)
(0.10000000149011612, 0.09630000146105885)
(0.10000000149011612, 0.09730000147596002)
(0.10000000149011612, 0.09830000149086118)
(0.10000000149011612, 0.09930000150576233)
(0.10000000149011612, 0.09930000150576233)
(0.10000000149011612, 0.09940000150352717)
(0.09000000171363354, 0.09930000150576233)
(0.10000000149011612, 0.1003000015206635)
(0.09000000171363354, 0.10120000153779983)
(0.10000000149011612, 0.10120000153779983)
(0.09000000171363354, 0.10110000154003501)
(0.10000000149011612, 0.10110000154003501)
(0.10000000149011612, 0.10110000154003501)
(0.09000000171363354, 0.10100000154227018)
(0.10000000149011612, 0.10100000154227018)
(0.10000000149011612, 0.10100000154227018)
(0.20000000298023224, 0.10200000155717134)
(0.10000000149011612, 0.10200000155717134)
(0.09000000171363354, 0.10190000155940653)
(0.09000000171363354, 0.10180000156164169)
(0.10000000149011612, 0.10180000156164169)
(0.20000000298023224, 0.10280000157654286)
(0.10000000149011612, 0.10280000157654286)
(0.20000000298023224, 0.10380000159144402)
(0.10000000149011612, 0.10480000160634517)
(0.7000000104308128, 0.11080000169575215)
(0.20000000298023224, 0.11180000171065331)
(0.10000000149011612, 0.11180000171065331)
(0.09000000171363354, 0.11170000171288848)
(0.10000000149011612, 0.11170000171288848)
(0.10000000149011612, 0.11170000171288848)
(0.10000000149011612, 0.11170000171288848)
(0.10000000149011612, 0.11170000171288848)
(0.20000000298023224, 0.11270000172778964)
(0.09000000171363354, 0.11260000173002481)
(0.09000000171363354, 0.11250000173225999)
(0.10000000149011612, 0.11250000173225999)
(0.20000000298023224, 0.11350000174716116)
(0.10000000149011612, 0.11350000174716116)
(0.10000000149011612, 0.11350000174716116)
(0.10000000149011612, 0.11350000174716116)
(0.10000000149011612, 0.11350000174716116)
(0.10000000149011612, 0.11360000174492597)
(0.10000000149011612, 0.11360000174492597)
(0.10000000149011612, 0.11360000174492597)
(0.5000000074505806, 0.11760000180453062)
(0.09000000171363354, 0.1175000018067658)
(0.10000000149011612, 0.1175000018067658)
(0.10000000149011612, 0.1175000018067658)
(0.19000000320374966, 0.11840000182390213)
(0.09000000171363354, 0.1183000018261373)
(0.10000000149011612, 0.1183000018261373)
(0.10000000149011612, 0.1183000018261373)
(0.30000000447034836, 0.11930000184103846)
(0.10000000149011612, 0.11930000184103846)
(0.10000000149011612, 0.11930000184103846)
(0.10000000149011612, 0.11930000184103846)
(0.10000000149011612, 0.11930000184103846)
(0.09000000171363354, 0.11920000184327365)
(0.10000000149011612, 0.11920000184327365)
(0.10000000149011612, 0.11920000184327365)
(0.09000000171363354, 0.11810000183060765)
(0.09000000171363354, 0.11800000183284283)
(0.10000000149011612, 0.11700000181794167)
(0.10000000149011612, 0.11700000181794167)
(0.10000000149011612, 0.11700000181794167)
(0.10000000149011612, 0.11700000181794167)
(0.10000000149011612, 0.11700000181794167)
(0.10000000149011612, 0.11700000181794167)
(0.09000000171363354, 0.11690000182017685)
(0.10000000149011612, 0.11690000182017685)
(0.09000000171363354, 0.11680000182241201)
(0.09000000171363354, 0.11680000182241201)
(0.10000000149011612, 0.11680000182241201)
(0.10000000149011612, 0.11680000182241201)
(0.10000000149011612, 0.11680000182241201)
(0.4000000059604645, 0.1198000018671155)
(0.10000000149011612, 0.1198000018671155)
(0.09000000171363354, 0.11970000186935068)
(0.20000000298023224, 0.12070000188425184)
(0.10000000149011612, 0.12070000188425184)
(0.10000000149011612, 0.12080000188201666)
(0.09000000171363354, 0.12070000188425184)
(0.10000000149011612, 0.12070000188425184)
(0.10000000149011612, 0.12070000188425184)
(0.10000000149011612, 0.12080000188201666)
(0.800000011920929, 0.1278000019863248)
(0.10000000149011612, 0.1279000019840896)
(0.30000000447034836, 0.12990000201389193)
(0.800000011920929, 0.13690000211820005)
(0.09000000171363354, 0.13690000211820005)
(0.10000000149011612, 0.13690000211820005)
(0.10000000149011612, 0.13690000211820005)
(0.10000000149011612, 0.13690000211820005)
(0.10000000149011612, 0.13690000211820005)
(0.10000000149011612, 0.13690000211820005)
(0.10000000149011612, 0.13690000211820005)
(0.10000000149011612, 0.13690000211820005)
(0.10000000149011612, 0.13690000211820005)
(0.10000000149011612, 0.13690000211820005)
(0.10000000149011612, 0.13690000211820005)
(0.09000000171363354, 0.13680000212043525)
(0.10000000149011612, 0.13680000212043525)
(0.10000000149011612, 0.13680000212043525)
(0.10000000149011612, 0.13680000212043525)
(0.09000000171363354, 0.13670000212267042)
(0.10000000149011612, 0.13680000212043525)
(0.09000000171363354, 0.13670000212267042)
(0.10000000149011612, 0.13680000212043525)
(0.10000000149011612, 0.13680000212043525)
(0.10000000149011612, 0.13690000211820005)
(0.10000000149011612, 0.13690000211820005)
(0.10000000149011612, 0.13690000211820005)
(0.10000000149011612, 0.1370000021159649)
(0.30000000447034836, 0.13900000214576722)
(0.10000000149011612, 0.13900000214576722)
(0.09000000171363354, 0.13790000213310122)
(0.10000000149011612, 0.13790000213310122)
(0.10000000149011612, 0.13800000213086605)
(0.09000000171363354, 0.13800000213086605)
(0.10000000149011612, 0.13800000213086605)
(0.10000000149011612, 0.1370000021159649)
(0.10000000149011612, 0.1370000021159649)
(0.20000000298023224, 0.1370000021159649)
(0.10000000149011612, 0.1370000021159649)
(0.10000000149011612, 0.13100000202655793)
(0.10000000149011612, 0.13000000201165676)
(0.09000000171363354, 0.12990000201389193)
(0.10000000149011612, 0.13000000201165676)
(0.09000000171363354, 0.12990000201389193)
(0.10000000149011612, 0.12990000201389193)
(0.09000000171363354, 0.1298000020161271)
(0.10000000149011612, 0.1298000020161271)
(0.09000000171363354, 0.12870000200346113)
(0.10000000149011612, 0.12880000200122596)
(0.10000000149011612, 0.12890000199899077)
(0.10000000149011612, 0.12890000199899077)
(0.10000000149011612, 0.1279000019840896)
(0.09000000171363354, 0.1278000019863248)
(0.10000000149011612, 0.1278000019863248)
(0.20000000298023224, 0.12880000200122596)
(0.10000000149011612, 0.12880000200122596)
(0.10000000149011612, 0.12880000200122596)
(0.10000000149011612, 0.12880000200122596)
(0.10000000149011612, 0.12880000200122596)
(0.20000000298023224, 0.12580000195652247)
(0.10000000149011612, 0.1259000019542873)
(0.10000000149011612, 0.1259000019542873)
(0.20000000298023224, 0.12690000196918846)
(0.09000000171363354, 0.1259000019542873)
(0.5000000074505806, 0.13000000201165676)
(0.10000000149011612, 0.13000000201165676)
(0.4000000059604645, 0.13300000205636026)
(0.4000000059604645, 0.1340000020712614)
(0.10000000149011612, 0.1340000020712614)
(0.10000000149011612, 0.1340000020712614)
(0.20000000298023224, 0.13500000208616256)
(0.10000000149011612, 0.13500000208616256)
(0.10000000149011612, 0.1351000020839274)
(0.2900000046938658, 0.1370000021159649)
(0.10000000149011612, 0.1370000021159649)
(0.10000000149011612, 0.13710000211372972)
(0.10000000149011612, 0.13720000211149455)
(0.09000000171363354, 0.13710000211372972)
(0.10000000149011612, 0.13710000211372972)
(0.10000000149011612, 0.13710000211372972)
(0.10000000149011612, 0.13710000211372972)
(0.10000000149011612, 0.13710000211372972)
(0.10000000149011612, 0.13710000211372972)
(0.10000000149011612, 0.13720000211149455)
(0.09000000171363354, 0.13710000211372972)
(0.20000000298023224, 0.13820000212639572)
(0.10000000149011612, 0.13830000212416052)
(0.10000000149011612, 0.13830000212416052)
(0.10000000149011612, 0.13830000212416052)
(0.10000000149011612, 0.13830000212416052)
(0.10000000149011612, 0.13530000207945705)
(0.09000000171363354, 0.13520000208169222)
(0.10000000149011612, 0.13530000207945705)
(0.10000000149011612, 0.1343000020645559)
(0.10000000149011612, 0.1343000020645559)
(0.09000000171363354, 0.13420000206679106)
(0.19000000320374966, 0.13520000208169222)
(0.10000000149011612, 0.13520000208169222)
(0.10000000149011612, 0.13520000208169222)
(0.10000000149011612, 0.13520000208169222)
(0.30000000447034836, 0.1302000020071864)
(0.10000000149011612, 0.1302000020071864)
(0.10000000149011612, 0.1282000019773841)
(0.10000000149011612, 0.12120000187307596)
(0.20000000298023224, 0.12230000188574194)
(0.20000000298023224, 0.12330000190064311)
(0.10000000149011612, 0.12330000190064311)
(0.20000000298023224, 0.12430000191554427)
(0.10000000149011612, 0.12430000191554427)
(0.20000000298023224, 0.12530000193044544)
(0.10000000149011612, 0.12530000193044544)
(0.10000000149011612, 0.12530000193044544)
(0.20000000298023224, 0.1263000019453466)
(0.10000000149011612, 0.1263000019453466)
(0.30000000447034836, 0.1283000019751489)
(0.10000000149011612, 0.12840000197291374)
(0.4000000059604645, 0.13140000201761723)
(0.09000000171363354, 0.1313000020198524)
(0.09000000171363354, 0.13120000202208756)
(0.09000000171363354, 0.13120000202208756)
(0.10000000149011612, 0.13120000202208756)
(0.10000000149011612, 0.1313000020198524)
(0.10000000149011612, 0.1313000020198524)
(0.10000000149011612, 0.1313000020198524)
(0.10000000149011612, 0.1313000020198524)
(0.10000000149011612, 0.1313000020198524)
(0.09000000171363354, 0.13120000202208756)
(0.10000000149011612, 0.13120000202208756)
(0.10000000149011612, 0.12920000199228526)
(0.10000000149011612, 0.12920000199228526)
(0.20000000298023224, 0.13030000200495123)
(0.20000000298023224, 0.1313000020198524)
(0.10000000149011612, 0.1313000020198524)
(0.10000000149011612, 0.13140000201761723)
(0.10000000149011612, 0.13140000201761723)
(0.10000000149011612, 0.13140000201761723)
(0.10000000149011612, 0.13140000201761723)
(0.10000000149011612, 0.13040000200271606)
(0.10000000149011612, 0.13040000200271606)
(0.10000000149011612, 0.13040000200271606)
(0.10000000149011612, 0.13040000200271606)
(0.10000000149011612, 0.1305000020004809)
(0.10000000149011612, 0.1305000020004809)
(0.20000000298023224, 0.13160000201314687)
(0.10000000149011612, 0.13160000201314687)
(0.09000000171363354, 0.13160000201314687)
(0.5000000074505806, 0.13560000207275152)
(0.5000000074505806, 0.139700002130121)
(0.10000000149011612, 0.139700002130121)
(0.10000000149011612, 0.139700002130121)
(0.10000000149011612, 0.139700002130121)
(0.20000000298023224, 0.14070000214502215)
(0.20000000298023224, 0.14180000215768815)
(0.10000000149011612, 0.14180000215768815)
(0.10000000149011612, 0.14080000214278698)
(0.19000000320374966, 0.14170000215992332)
(0.10000000149011612, 0.14170000215992332)
(0.10000000149011612, 0.14170000215992332)
(0.10000000149011612, 0.14170000215992332)
(0.20000000298023224, 0.14170000215992332)
(0.10000000149011612, 0.14170000215992332)
(0.30000000447034836, 0.14370000218972565)
(0.10000000149011612, 0.14270000217482448)
(0.4000000059604645, 0.14580000221729278)
(0.10000000149011612, 0.14180000215768815)
(0.10000000149011612, 0.14180000215768815)
(0.10000000149011612, 0.13880000211298466)
(0.6000000089406967, 0.14080000214278698)
(0.20000000298023224, 0.14180000215768815)
(0.6000000089406967, 0.14680000223219394)
(0.20000000298023224, 0.14680000223219394)
(0.10000000149011612, 0.14680000223219394)
(0.10000000149011612, 0.14680000223219394)
(0.20000000298023224, 0.1459000022150576)
(2.600000038743019, 0.17090000258758664)
(2.600000038743019, 0.19590000296011567)
(2.600000038743019, 0.2209000033326447)
(2.600000038743019, 0.24600000370293856)
(1.9000000283122063, 0.26400000397115947)
(0.10000000149011612, 0.26400000397115947)
(2.1000000312924385, 0.2840000042691827)
(2.600000038743019, 0.30900000464171173)
(2.600000038743019, 0.33400000501424076)
(2.7000000402331352, 0.36000000540167093)
(2.600000038743019, 0.3851000057719648)
(2.7000000402331352, 0.4101000061444938)
(2.600000038743019, 0.43510000651702285)
(0.0, 0.43410000650212166)
(2.600000038743019, 0.4591000068746507)
(2.600000038743019, 0.4841000072471797)
(2.600000038743019, 0.5091000076197087)
