(0.10000000149011612, 0.10000000149011612)
(0.0, 0.05000000074505806)
(0.0, 0.033333333830038704)
(0.0, 0.02500000037252903)
(0.0, 0.020000000298023225)
(0.0, 0.016666666915019352)
(0.0, 0.014285714498588018)
(0.0, 0.012500000186264515)
(0.0, 0.011111111276679568)
(0.0, 0.010000000149011612)
(0.0, 0.009090909226374193)
(0.0, 0.008333333457509676)
(0.0, 0.007692307806932009)
(0.0, 0.007142857249294009)
(0.0, 0.0066666667660077415)
(0.0, 0.0062500000931322575)
(0.0, 0.00588235302883036)
(0.0, 0.005555555638339784)
(0.0, 0.005263157973164006)
(0.0, 0.005000000074505806)
(0.0, 0.004761904832862672)
(0.0, 0.004545454613187097)
(0.0, 0.004347826151744179)
(0.0, 0.004166666728754838)
(0.0, 0.004000000059604645)
(0.0, 0.0038461539034660044)
(0.0, 0.0037037037588931896)
(0.0, 0.0035714286246470044)
(0.0, 0.00344827591345228)
(0.0, 0.0033333333830038708)
(0.0, 0.0032258064996811653)
(0.0, 0.0031250000465661287)
(0.0, 0.003030303075458064)
(0.0, 0.00294117651441518)
(0.0, 0.0028571428997176034)
(0.0, 0.002777777819169892)
(0.0, 0.002702702742976111)
(0.0, 0.002631578986582003)
(0.0, 0.0025641026023106696)
(0.0, 0.002500000037252903)
(0.0, 0.002439024426588198)
(0.0, 0.002380952416431336)
(0.0, 0.0023255814300027003)
(0.0, 0.0022727273065935483)
(0.0, 0.0022222222553359137)
(0.0, 0.0021739130758720894)
(0.0, 0.0021276596061726833)
(0.0, 0.002083333364377419)
(0.0, 0.0020408163569411455)
(0.0, 0.0020000000298023225)
(0.0, 0.0019607843429434533)
(0.0, 0.0019230769517330022)
(0.0, 0.0018867924809455872)
(0.0, 0.0018518518794465948)
(0.0, 0.0018181818452748385)
(0.0, 0.0017857143123235022)
(0.0, 0.0017543859910546687)
(0.0, 0.00172413795672614)
(0.0, 0.0016949152794934936)
(0.0, 0.0016666666915019354)
(0.0, 0.001639344286723215)
(0.0, 0.0016129032498405826)
(0.0, 0.0015873016109542242)
(0.0, 0.0015625000232830644)
(0.0, 0.0015384615613864019)
(0.0, 0.001515151537729032)
(0.0, 0.0014925373356733749)
(0.0, 0.00147058825720759)
(0.0, 0.0014492753839147263)
(0.0, 0.0014285714498588017)
(0.0, 0.001408450725212903)
(0.0, 0.001388888909584946)
(0.0, 0.0013698630341111796)
(0.0, 0.0013513513714880556)
(0.0, 0.0013333333532015482)
(0.0, 0.0013157894932910015)
(0.0, 0.0012987013180534562)
(0.0, 0.0012820513011553348)
(0.0, 0.0012658228036723559)
(0.0, 0.0012500000186264515)
(0.0, 0.0012345679196310631)
(0.0, 0.001219512213294099)
(0.0, 0.00120481929506164)
(0.0, 0.001190476208215668)
(0.0, 0.001176470605766072)
(0.0, 0.0011627907150013501)
(0.0, 0.0011494253044840932)
(0.0, 0.0011363636532967741)
(0.0, 0.0011235955223608553)
(0.0, 0.0011111111276679568)
(0.0, 0.0010989011152760014)
(0.0, 0.0010869565379360447)
(0.0, 0.001075268833227055)
(0.0, 0.0010638298030863416)
(0.0, 0.0010526315946328012)
(0.0, 0.0010416666821887095)
(0.0, 0.0010309278504135682)
(0.0, 0.0010204081784705727)
(0.0, 0.001010101025152688)
(0.0, 0.0010000000149011613)
(0.0, 0.0)
(0.0, 0.0)
(0.0, 0.0)
(0.0, 0.0)
(0.0, 0.0)
(0.0, 0.0)
(0.0, 0.0)
(0.0, 0.0)
(0.0, 0.0)
(0.0, 0.0)
(0.0, 0.0)
(0.0, 0.0)
(0.0, 0.0)
(0.0, 0.0)
(0.0, 0.0)
(0.0, 0.0)
(0.0, 0.0)
(0.0, 0.0)
(0.0, 0.0)
(0.0, 0.0)
(0.0, 0.0)
(0.0, 0.0)
(0.0, 0.0)
(0.0, 0.0)
(0.0, 0.0)
(0.0, 0.0)
(0.0, 0.0)
(0.0, 0.0)
(0.0, 0.0)
(0.0, 0.0)
(0.0, 0.0)
(0.0, 0.0)
(0.0, 0.0)
(0.0, 0.0)
(0.0, 0.0)
(0.0, 0.0)
(0.0, 0.0)
(0.0, 0.0)
(0.0, 0.0)
(0.0, 0.0)
(0.0, 0.0)
(0.0, 0.0)
(0.0, 0.0)
(0.0, 0.0)
(0.0, 0.0)
(0.0, 0.0)
(0.0, 0.0)
(0.0, 0.0)
(0.0, 0.0)
(0.0, 0.0)
(0.0, 0.0)
(0.0, 0.0)
(0.0, 0.0)
(0.0, 0.0)
(0.0, 0.0)
(0.0, 0.0)
(0.0, 0.0)
(0.0, 0.0)
(0.0, 0.0)
(0.0, 0.0)
(0.0, 0.0)
(0.0, 0.0)
(0.0, 0.0)
(0.0, 0.0)
(0.0, 0.0)
(0.0, 0.0)
(0.0, 0.0)
(0.0, 0.0)
(0.0, 0.0)
(0.0, 0.0)
(0.0, 0.0)
(0.0, 0.0)
(0.0, 0.0)
(0.0, 0.0)
(0.0, 0.0)
(0.0, 0.0)
(0.0, 0.0)
(0.0, 0.0)
(0.0, 0.0)
(0.0, 0.0)
(0.0, 0.0)
(0.0, 0.0)
(0.0, 0.0)
(0.0, 0.0)
(0.0, 0.0)
(0.0, 0.0)
(0.0, 0.0)
(0.0, 0.0)
(0.0, 0.0)
(0.0, 0.0)
(0.0, 0.0)
(0.0, 0.0)
(0.0, 0.0)
(0.0, 0.0)
(0.0, 0.0)
(0.0, 0.0)
(0.0, 0.0)
(0.0, 0.0)
(0.0, 0.0)
(0.0, 0.0)
(0.0, 0.0)
(0.0, 0.0)
(0.0, 0.0)
(0.0, 0.0)
(0.0, 0.0)
(0.0, 0.0)
(0.0, 0.0)
(0.0, 0.0)
(0.0, 0.0)
(0.0, 0.0)
(0.0, 0.0)
(0.0, 0.0)
(0.0, 0.0)
(0.0, 0.0)
(0.0, 0.0)
(0.0, 0.0)
(0.0, 0.0)
(0.0, 0.0)
(0.0, 0.0)
(0.0, 0.0)
(0.0, 0.0)
(0.0, 0.0)
(0.0, 0.0)
(0.0, 0.0)
(0.0, 0.0)
(0.0, 0.0)
(0.0, 0.0)
(0.0, 0.0)
(0.0, 0.0)
(0.0, 0.0)
(0.0, 0.0)
(0.0, 0.0)
(0.0, 0.0)
(0.0, 0.0)
(0.0, 0.0)
(0.0, 0.0)
(0.0, 0.0)
(0.0, 0.0)
(0.0, 0.0)
(0.0, 0.0)
(0.0, 0.0)
(0.0, 0.0)
(0.0, 0.0)
(0.0, 0.0)
(0.0, 0.0)
(0.0, 0.0)
(0.0, 0.0)
(0.0, 0.0)
(0.0, 0.0)
(0.0, 0.0)
(0.0, 0.0)
(0.0, 0.0)
(0.0, 0.0)
(0.0, 0.0)
(0.0, 0.0)
(0.0, 0.0)
(0.0, 0.0)
(0.0, 0.0)
(0.0, 0.0)
(0.0, 0.0)
(0.0, 0.0)
(0.0, 0.0)
(0.0, 0.0)
(0.0, 0.0)
(0.0, 0.0)
(0.0, 0.0)
(0.0, 0.0)
(0.0, 0.0)
(0.0, 0.0)
(0.0, 0.0)
(0.0, 0.0)
(0.0, 0.0)
(0.0, 0.0)
(0.0, 0.0)
(0.0, 0.0)
(0.0, 0.0)
(0.0, 0.0)
(0.0, 0.0)
(0.0, 0.0)
(0.0, 0.0)
(0.0, 0.0)
(0.0, 0.0)
(0.0, 0.0)
(0.0, 0.0)
(0.0, 0.0)
(0.0, 0.0)
(0.0, 0.0)
(0.0, 0.0)
(0.0, 0.0)
(0.0, 0.0)
(0.0, 0.0)
(0.0, 0.0)
(0.0, 0.0)
(0.0, 0.0)
(0.0, 0.0)
(0.0, 0.0)
(0.0, 0.0)
(0.0, 0.0)
(0.0, 0.0)
(0.0, 0.0)
(0.0, 0.0)
(0.0, 0.0)
(0.0, 0.0)
(0.0, 0.0)
(0.0, 0.0)
(0.0, 0.0)
(0.0, 0.0)
(0.0, 0.0)
(0.0, 0.0)
(0.0, 0.0)
(0.0, 0.0)
(0.0, 0.0)
(0.0, 0.0)
(0.0, 0.0)
(0.0, 0.0)
(0.0, 0.0)
(0.0, 0.0)
(0.0, 0.0)
(0.0, 0.0)
(0.0, 0.0)
(0.0, 0.0)
(0.0, 0.0)
(0.0, 0.0)
(0.0, 0.0)
(0.0, 0.0)
(0.0, 0.0)
(0.0, 0.0)
(0.0, 0.0)
(0.0, 0.0)
(0.0, 0.0)
(0.0, 0.0)
(0.0, 0.0)
(0.0, 0.0)
(0.0, 0.0)
(0.0, 0.0)
(0.0, 0.0)
(0.0, 0.0)
(0.0, 0.0)
(0.0, 0.0)
(0.0, 0.0)
(0.0, 0.0)
(0.0, 0.0)
(0.0, 0.0)
(0.0, 0.0)
(0.0, 0.0)
(0.0, 0.0)
(0.0, 0.0)
(0.0, 0.0)
(0.0, 0.0)
(0.0, 0.0)
(0.0, 0.0)
(0.0, 0.0)
(0.0, 0.0)
(0.0, 0.0)
(0.0, 0.0)
(0.0, 0.0)
(0.0, 0.0)
(0.0, 0.0)
(0.0, 0.0)
(0.0, 0.0)
(0.0, 0.0)
(0.0, 0.0)
(0.0, 0.0)
(0.0, 0.0)
(0.0, 0.0)
(0.0, 0.0)
(0.0, 0.0)
(0.0, 0.0)
(0.0, 0.0)
(0.0, 0.0)
(0.0, 0.0)
(0.0, 0.0)
(0.0, 0.0)
(0.0, 0.0)
(0.0, 0.0)
(0.0, 0.0)
(0.0, 0.0)
(0.0, 0.0)
(0.0, 0.0)
(0.0, 0.0)
(0.0, 0.0)
(0.0, 0.0)
(0.0, 0.0)
(0.0, 0.0)
(0.0, 0.0)
(0.0, 0.0)
(0.0, 0.0)
(0.0, 0.0)
(0.0, 0.0)
(0.0, 0.0)
(0.0, 0.0)
(0.0, 0.0)
(0.0, 0.0)
(0.0, 0.0)
(0.0, 0.0)
(0.0, 0.0)
(0.0, 0.0)
(0.0, 0.0)
(0.0, 0.0)
(0.0, 0.0)
(0.0, 0.0)
(0.0, 0.0)
(0.0, 0.0)
(0.0, 0.0)
(0.0, 0.0)
(0.0, 0.0)
(0.0, 0.0)
(0.0, 0.0)
(0.0, 0.0)
(0.0, 0.0)
(0.0, 0.0)
(0.0, 0.0)
(0.0, 0.0)
(0.0, 0.0)
(0.0, 0.0)
(0.0, 0.0)
(0.0, 0.0)
(0.0, 0.0)
(0.0, 0.0)
(0.0, 0.0)
(0.0, 0.0)
(0.0, 0.0)
(0.0, 0.0)
(0.0, 0.0)
(0.0, 0.0)
(0.0, 0.0)
(0.0, 0.0)
(0.0, 0.0)
(0.0, 0.0)
(0.0, 0.0)
(0.0, 0.0)
(0.0, 0.0)
(0.0, 0.0)
(0.0, 0.0)
(0.0, 0.0)
(0.0, 0.0)
(0.0, 0.0)
(0.0, 0.0)
(0.0, 0.0)
(0.0, 0.0)
(0.0, 0.0)
(0.0, 0.0)
(0.0, 0.0)
(0.0, 0.0)
(0.0, 0.0)
(0.0, 0.0)
(0.0, 0.0)
(0.0, 0.0)
(0.0, 0.0)
(0.0, 0.0)
(0.0, 0.0)
(0.0, 0.0)
(0.0, 0.0)
(0.0, 0.0)
(0.0, 0.0)
(0.0, 0.0)
(0.0, 0.0)
(0.0, 0.0)
(0.0, 0.0)
(0.0, 0.0)
(0.0, 0.0)
(0.0, 0.0)
(0.0, 0.0)
(0.0, 0.0)
(0.0, 0.0)
(0.0, 0.0)
(0.0, 0.0)
(0.0, 0.0)
(0.0, 0.0)
(0.0, 0.0)
(0.0, 0.0)
(0.0, 0.0)
(0.0, 0.0)
(0.0, 0.0)
(0.0, 0.0)
(0.0, 0.0)
(0.0, 0.0)
(0.0, 0.0)
(0.0, 0.0)
(0.0, 0.0)
(0.0, 0.0)
(0.0, 0.0)
(0.0, 0.0)
(0.0, 0.0)
(0.0, 0.0)
(0.0, 0.0)
(0.0, 0.0)
(0.0, 0.0)
(0.0, 0.0)
(0.0, 0.0)
(0.0, 0.0)
(0.0, 0.0)
(0.0, 0.0)
(0.0, 0.0)
(0.0, 0.0)
(0.0, 0.0)
(0.0, 0.0)
(0.0, 0.0)
(0.0, 0.0)
(0.0, 0.0)
(0.0, 0.0)
(0.0, 0.0)
(0.0, 0.0)
(0.0, 0.0)
(0.0, 0.0)
(0.0, 0.0)
(0.0, 0.0)
(0.0, 0.0)
(0.0, 0.0)
(0.0, 0.0)
(0.0, 0.0)
(0.0, 0.0)
(0.0, 0.0)
(0.0, 0.0)
(0.0, 0.0)
(0.0, 0.0)
(0.0, 0.0)
(0.0, 0.0)
(0.0, 0.0)
(0.0, 0.0)
(0.0, 0.0)
(0.0, 0.0)
(0.0, 0.0)
(0.0, 0.0)
(0.0, 0.0)
(0.0, 0.0)
(0.0, 0.0)
(0.0, 0.0)
(0.0, 0.0)
(0.0, 0.0)
(0.0, 0.0)
(0.0, 0.0)
(0.0, 0.0)
(0.0, 0.0)
(0.0, 0.0)
(0.0, 0.0)
(0.0, 0.0)
(0.0, 0.0)
(0.0, 0.0)
(0.0, 0.0)
(0.0, 0.0)
(0.0, 0.0)
(0.0, 0.0)
(0.0, 0.0)
(0.0, 0.0)
(0.0, 0.0)
(0.0, 0.0)
(0.0, 0.0)
(0.0, 0.0)
(0.0, 0.0)
(0.0, 0.0)
(0.0, 0.0)
(0.0, 0.0)
(0.0, 0.0)
(0.0, 0.0)
(0.0, 0.0)
(0.0, 0.0)
(0.0, 0.0)
(0.0, 0.0)
(0.0, 0.0)
(0.0, 0.0)
(0.0, 0.0)
(0.0, 0.0)
(0.0, 0.0)
(0.0, 0.0)
(0.0, 0.0)
(0.0, 0.0)
(0.0, 0.0)
(0.0, 0.0)
(0.0, 0.0)
(0.0, 0.0)
(0.0, 0.0)
(0.0, 0.0)
(0.0, 0.0)
(0.0, 0.0)
(0.0, 0.0)
(0.0, 0.0)
(0.0, 0.0)
(0.0, 0.0)
(0.0, 0.0)
(0.0, 0.0)
(0.0, 0.0)
(0.0, 0.0)
(0.0, 0.0)
(0.0, 0.0)
(0.0, 0.0)
(0.0, 0.0)
(0.0, 0.0)
(0.0, 0.0)
(0.0, 0.0)
(0.0, 0.0)
(0.0, 0.0)
(0.0, 0.0)
(0.0, 0.0)
(0.0, 0.0)
(0.0, 0.0)
(0.0, 0.0)
(0.0, 0.0)
(0.0, 0.0)
(0.0, 0.0)
(0.0, 0.0)
(0.0, 0.0)
(0.0, 0.0)
(0.0, 0.0)
(0.0, 0.0)
(0.0, 0.0)
(0.0, 0.0)
(0.0, 0.0)
(0.0, 0.0)
(0.0, 0.0)
(0.0, 0.0)
(0.0, 0.0)
(0.0, 0.0)
(0.0, 0.0)
(0.0, 0.0)
(0.0, 0.0)
(0.0, 0.0)
(0.0, 0.0)
(0.0, 0.0)
(0.0, 0.0)
(0.0, 0.0)
(0.0, 0.0)
(0.0, 0.0)
(0.0, 0.0)
(0.0, 0.0)
(0.0, 0.0)
(0.0, 0.0)
(0.0, 0.0)
(0.0, 0.0)
(0.10000000149011612, 0.0010000000149011613)
(0.0, 0.0010000000149011613)
(0.0, 0.0010000000149011613)
(0.0, 0.0010000000149011613)
(0.0, 0.0010000000149011613)
(0.0, 0.0010000000149011613)
(0.0, 0.0010000000149011613)
(0.0, 0.0010000000149011613)
(0.0, 0.0010000000149011613)
(0.0, 0.0010000000149011613)
(0.0, 0.0010000000149011613)
(0.0, 0.0010000000149011613)
(0.0, 0.0010000000149011613)
(0.0, 0.0010000000149011613)
(0.0, 0.0010000000149011613)
(0.0, 0.0010000000149011613)
(0.0, 0.0010000000149011613)
(0.0, 0.0010000000149011613)
(0.0, 0.0010000000149011613)
(0.0, 0.0010000000149011613)
(0.0, 0.0010000000149011613)
(0.0, 0.0010000000149011613)
(0.09000000171363354, 0.0019000000320374966)
(0.0, 0.0019000000320374966)
(0.0, 0.0019000000320374966)
(0.0, 0.0019000000320374966)
(0.0, 0.0019000000320374966)
(0.0, 0.0019000000320374966)
(0.0, 0.0019000000320374966)
(0.0, 0.0019000000320374966)
(0.0, 0.0019000000320374966)
(0.0, 0.0019000000320374966)
(0.0, 0.0019000000320374966)
(0.0, 0.0019000000320374966)
(0.0, 0.0019000000320374966)
(0.0, 0.0019000000320374966)
(0.09000000171363354, 0.002800000049173832)
(0.0, 0.002800000049173832)
(0.09000000171363354, 0.003700000066310167)
(0.0, 0.003700000066310167)
(0.0, 0.003700000066310167)
(0.0, 0.003700000066310167)
(0.0, 0.003700000066310167)
(0.0, 0.003700000066310167)
(0.0, 0.003700000066310167)
(0.0, 0.003700000066310167)
(0.0, 0.003700000066310167)
(0.0, 0.003700000066310167)
(0.0, 0.003700000066310167)
(0.0, 0.003700000066310167)
(0.0, 0.003700000066310167)
(0.0, 0.003700000066310167)
(0.0, 0.003700000066310167)
(0.0, 0.003700000066310167)
(0.0, 0.003700000066310167)
(0.0, 0.003700000066310167)
(0.0, 0.003700000066310167)
(0.0, 0.003700000066310167)
(0.0, 0.003700000066310167)
(0.0, 0.003700000066310167)
(0.0, 0.003700000066310167)
(0.0, 0.003700000066310167)
(0.0, 0.003700000066310167)
(0.0, 0.003700000066310167)
(0.0, 0.003700000066310167)
(0.0, 0.003700000066310167)
(0.0, 0.003700000066310167)
(0.0, 0.003700000066310167)
(0.0, 0.003700000066310167)
(0.0, 0.003700000066310167)
(0.0, 0.003700000066310167)
(0.0, 0.003700000066310167)
(0.0, 0.003700000066310167)
(0.0, 0.003700000066310167)
(0.0, 0.003700000066310167)
(0.0, 0.003700000066310167)
(0.0, 0.003700000066310167)
(0.0, 0.003700000066310167)
(0.0, 0.003700000066310167)
(0.0, 0.003700000066310167)
(0.0, 0.003700000066310167)
(0.0, 0.003700000066310167)
(0.0, 0.003700000066310167)
(0.0, 0.003700000066310167)
(0.0, 0.003700000066310167)
(0.0, 0.003700000066310167)
(0.0, 0.003700000066310167)
(0.0, 0.003700000066310167)
(0.0, 0.003700000066310167)
(0.0, 0.003700000066310167)
(0.0, 0.003700000066310167)
(0.0, 0.003700000066310167)
(0.0, 0.003700000066310167)
(0.0, 0.003700000066310167)
(0.0, 0.003700000066310167)
(0.0, 0.003700000066310167)
(0.0, 0.003700000066310167)
(0.0, 0.003700000066310167)
(0.0, 0.003700000066310167)
(0.0, 0.003700000066310167)
(0.0, 0.002700000051409006)
(0.0, 0.002700000051409006)
(0.0, 0.002700000051409006)
(0.0, 0.002700000051409006)
(0.0, 0.002700000051409006)
(0.0, 0.002700000051409006)
(0.0, 0.002700000051409006)
(0.0, 0.002700000051409006)
(0.0, 0.002700000051409006)
(0.0, 0.002700000051409006)
(0.0, 0.002700000051409006)
(0.0, 0.002700000051409006)
(0.0, 0.002700000051409006)
(0.0, 0.002700000051409006)
(0.0, 0.002700000051409006)
(0.0, 0.002700000051409006)
(0.0, 0.002700000051409006)
(0.0, 0.002700000051409006)
(0.0, 0.002700000051409006)
(0.0, 0.002700000051409006)
(0.0, 0.002700000051409006)
(0.0, 0.002700000051409006)
(0.0, 0.0018000000342726708)
(0.0, 0.0018000000342726708)
(0.0, 0.0018000000342726708)
(0.0, 0.0018000000342726708)
(0.0, 0.0018000000342726708)
(0.0, 0.0018000000342726708)
(0.0, 0.0018000000342726708)
(0.0, 0.0018000000342726708)
(0.0, 0.0018000000342726708)
(0.0, 0.0018000000342726708)
(0.0, 0.0018000000342726708)
(0.0, 0.0018000000342726708)
(0.0, 0.0018000000342726708)
(0.0, 0.0018000000342726708)
(0.0, 0.0009000000171363354)
(0.0, 0.0009000000171363354)
(0.0, 0.0)
(0.0, 0.0)
(0.0, 0.0)
(0.0, 0.0)
(0.0, 0.0)
(0.0, 0.0)
(0.0, 0.0)
(0.0, 0.0)
(0.0, 0.0)
(0.0, 0.0)
(0.0, 0.0)
(0.0, 0.0)
(0.0, 0.0)
(0.0, 0.0)
(0.0, 0.0)
(0.0, 0.0)
(0.0, 0.0)
(0.0, 0.0)
(0.0, 0.0)
(0.0, 0.0)
(0.0, 0.0)
(0.0, 0.0)
(0.0, 0.0)
(0.0, 0.0)
(0.0, 0.0)
(0.0, 0.0)
(0.0, 0.0)
(0.0, 0.0)
(0.0, 0.0)
(0.0, 0.0)
(0.0, 0.0)
(0.0, 0.0)
(0.0, 0.0)
(0.0, 0.0)
(0.0, 0.0)
(0.0, 0.0)
(0.0, 0.0)
(0.0, 0.0)
(0.0, 0.0)
(0.0, 0.0)
(0.0, 0.0)
(0.0, 0.0)
(0.0, 0.0)
(0.0, 0.0)
(0.0, 0.0)
(0.0, 0.0)
(0.0, 0.0)
(0.0, 0.0)
(0.0, 0.0)
(0.0, 0.0)
(0.0, 0.0)
(0.0, 0.0)
(0.0, 0.0)
(0.0, 0.0)
(0.0, 0.0)
(0.0, 0.0)
(0.0, 0.0)
(0.0, 0.0)
(0.0, 0.0)
(0.0, 0.0)
(0.0, 0.0)
(0.0, 0.0)
(0.0, 0.0)
(0.0, 0.0)
(0.0, 0.0)
(0.0, 0.0)
(0.0, 0.0)
(0.0, 0.0)
(0.0, 0.0)
(0.0, 0.0)
(0.0, 0.0)
(0.0, 0.0)
(0.0, 0.0)
(0.0, 0.0)
(0.0, 0.0)
(0.0, 0.0)
(0.0, 0.0)
(0.0, 0.0)
(0.0, 0.0)
(0.0, 0.0)
(0.0, 0.0)
(0.0, 0.0)
(0.0, 0.0)
(0.0, 0.0)
(0.0, 0.0)
(0.0, 0.0)
(0.0, 0.0)
(0.0, 0.0)
(0.0, 0.0)
(0.0, 0.0)
(0.0, 0.0)
(0.0, 0.0)
(0.0, 0.0)
(0.0, 0.0)
(0.0, 0.0)
(0.0, 0.0)
(0.0, 0.0)
(0.0, 0.0)
(0.0, 0.0)
(0.0, 0.0)
(0.0, 0.0)
(0.0, 0.0)
(0.0, 0.0)
(0.0, 0.0)
(0.0, 0.0)
(0.0, 0.0)
(0.0, 0.0)
(0.0, 0.0)
(0.0, 0.0)
(0.0, 0.0)
(0.0, 0.0)
(0.0, 0.0)
(0.0, 0.0)
(0.0, 0.0)
(0.0, 0.0)
(0.0, 0.0)
(0.0, 0.0)
(0.0, 0.0)
(0.0, 0.0)
(0.0, 0.0)
(0.0, 0.0)
(0.0, 0.0)
(0.0, 0.0)
(0.0, 0.0)
(0.0, 0.0)
(0.0, 0.0)
(0.0, 0.0)
(0.0, 0.0)
(0.0, 0.0)
(0.0, 0.0)
(0.0, 0.0)
(0.0, 0.0)
(0.0, 0.0)
(0.0, 0.0)
(0.0, 0.0)
(0.0, 0.0)
(0.0, 0.0)
(0.0, 0.0)
(0.0, 0.0)
(0.0, 0.0)
(0.0, 0.0)
(0.0, 0.0)
(0.0, 0.0)
(0.0, 0.0)
(0.0, 0.0)
(0.0, 0.0)
(0.0, 0.0)
(0.0, 0.0)
(0.0, 0.0)
(0.0, 0.0)
(0.0, 0.0)
(0.0, 0.0)
(0.0, 0.0)
(0.0, 0.0)
(0.0, 0.0)
(0.0, 0.0)
(0.0, 0.0)
(0.0, 0.0)
(0.0, 0.0)
(0.0, 0.0)
(0.0, 0.0)
(0.0, 0.0)
(0.0, 0.0)
(0.0, 0.0)
(0.0, 0.0)
(0.0, 0.0)
(0.0, 0.0)
(0.0, 0.0)
(0.0, 0.0)
(0.0, 0.0)
(0.0, 0.0)
(0.0, 0.0)
(0.0, 0.0)
(0.0, 0.0)
(0.0, 0.0)
(0.0, 0.0)
(0.0, 0.0)
(0.0, 0.0)
(0.0, 0.0)
(0.0, 0.0)
(0.0, 0.0)
(0.0, 0.0)
(0.0, 0.0)
(0.0, 0.0)
(0.0, 0.0)
(0.0, 0.0)
(0.0, 0.0)
(0.0, 0.0)
(0.0, 0.0)
(0.0, 0.0)
(0.0, 0.0)
(0.0, 0.0)
(0.0, 0.0)
(0.0, 0.0)
(0.0, 0.0)
(0.0, 0.0)
(0.0, 0.0)
(0.0, 0.0)
(0.0, 0.0)
(0.0, 0.0)
(0.0, 0.0)
(0.0, 0.0)
(0.0, 0.0)
(0.0, 0.0)
(0.0, 0.0)
(0.0, 0.0)
(0.0, 0.0)
(0.0, 0.0)
(0.0, 0.0)
(0.0, 0.0)
(0.0, 0.0)
(0.0, 0.0)
(0.0, 0.0)
(0.0, 0.0)
(0.0, 0.0)
(0.0, 0.0)
(0.0, 0.0)
(0.0, 0.0)
(0.0, 0.0)
(0.0, 0.0)
(0.0, 0.0)
(0.0, 0.0)
(0.0, 0.0)
(0.0, 0.0)
(0.0, 0.0)
(0.0, 0.0)
(0.0, 0.0)
(0.0, 0.0)
(0.0, 0.0)
(0.0, 0.0)
(0.0, 0.0)
(0.0, 0.0)
(0.0, 0.0)
(0.0, 0.0)
(0.0, 0.0)
(0.0, 0.0)
(0.0, 0.0)
(0.0, 0.0)
(0.0, 0.0)
(0.0, 0.0)
(0.0, 0.0)
(0.0, 0.0)
(0.0, 0.0)
(0.0, 0.0)
(0.0, 0.0)
(0.0, 0.0)
(0.0, 0.0)
(0.0, 0.0)
(0.0, 0.0)
(0.0, 0.0)
(0.0, 0.0)
(0.0, 0.0)
(0.0, 0.0)
(0.0, 0.0)
(0.0, 0.0)
(0.0, 0.0)
(0.0, 0.0)
(0.0, 0.0)
(0.0, 0.0)
(0.0, 0.0)
(0.0, 0.0)
(0.0, 0.0)
(0.0, 0.0)
(0.0, 0.0)
(0.0, 0.0)
(0.0, 0.0)
(0.0, 0.0)
(0.0, 0.0)
(0.0, 0.0)
(0.0, 0.0)
(0.0, 0.0)
(0.0, 0.0)
(0.0, 0.0)
(0.0, 0.0)
(0.0, 0.0)
(0.0, 0.0)
(0.0, 0.0)
(0.0, 0.0)
(0.0, 0.0)
(0.0, 0.0)
(0.0, 0.0)
(0.0, 0.0)
(0.0, 0.0)
(0.0, 0.0)
(0.0, 0.0)
(0.0, 0.0)
(0.0, 0.0)
(0.0, 0.0)
(0.0, 0.0)
(0.0, 0.0)
(0.0, 0.0)
(0.0, 0.0)
(0.0, 0.0)
(0.0, 0.0)
(0.0, 0.0)
(0.0, 0.0)
(0.0, 0.0)
(0.0, 0.0)
(0.0, 0.0)
(0.0, 0.0)
(0.0, 0.0)
(0.0, 0.0)
(0.0, 0.0)
(0.0, 0.0)
(0.0, 0.0)
(0.0, 0.0)
(0.0, 0.0)
(0.0, 0.0)
(0.0, 0.0)
(0.0, 0.0)
(0.0, 0.0)
(0.0, 0.0)
(0.0, 0.0)
(0.0, 0.0)
(0.0, 0.0)
(0.0, 0.0)
(0.0, 0.0)
(0.0, 0.0)
(0.0, 0.0)
(0.0, 0.0)
(0.0, 0.0)
(0.0, 0.0)
(0.0, 0.0)
(0.0, 0.0)
(0.0, 0.0)
(0.0, 0.0)
(0.0, 0.0)
(0.0, 0.0)
(0.0, 0.0)
(0.0, 0.0)
(0.0, 0.0)
(0.0, 0.0)
(0.0, 0.0)
(0.0, 0.0)
(0.0, 0.0)
(0.0, 0.0)
(0.0, 0.0)
(0.0, 0.0)
(0.0, 0.0)
(0.0, 0.0)
(0.0, 0.0)
(0.0, 0.0)
(0.0, 0.0)
(0.0, 0.0)
(0.0, 0.0)
(0.0, 0.0)
(0.0, 0.0)
(0.0, 0.0)
(0.0, 0.0)
(0.0, 0.0)
(0.0, 0.0)
(0.0, 0.0)
(0.0, 0.0)
(0.0, 0.0)
(0.0, 0.0)
(0.0, 0.0)
(0.0, 0.0)
(0.0, 0.0)
(0.0, 0.0)
(0.0, 0.0)
(0.0, 0.0)
(0.0, 0.0)
(0.0, 0.0)
(0.0, 0.0)
(0.0, 0.0)
(0.0, 0.0)
(0.0, 0.0)
(0.0, 0.0)
(0.0, 0.0)
(0.0, 0.0)
(0.0, 0.0)
(0.0, 0.0)
(0.0, 0.0)
(0.0, 0.0)
(0.0, 0.0)
(0.0, 0.0)
(0.0, 0.0)
(0.0, 0.0)
(0.0, 0.0)
(0.0, 0.0)
(0.0, 0.0)
(0.0, 0.0)
(0.0, 0.0)
(0.0, 0.0)
(0.0, 0.0)
(0.0, 0.0)
(0.0, 0.0)
(0.0, 0.0)
(0.0, 0.0)
(0.0, 0.0)
(0.0, 0.0)
(0.0, 0.0)
(0.0, 0.0)
(0.0, 0.0)
(0.0, 0.0)
(0.0, 0.0)
(0.0, 0.0)
(0.0, 0.0)
(0.0, 0.0)
(0.0, 0.0)
(0.0, 0.0)
(0.0, 0.0)
(0.0, 0.0)
(0.0, 0.0)
(0.0, 0.0)
(0.0, 0.0)
(0.0, 0.0)
(0.0, 0.0)
(0.0, 0.0)
(0.0, 0.0)
(0.0, 0.0)
(0.0, 0.0)
(0.0, 0.0)
(0.0, 0.0)
(0.0, 0.0)
(0.0, 0.0)
(0.0, 0.0)
(0.0, 0.0)
(0.0, 0.0)
(0.0, 0.0)
(0.0, 0.0)
(0.0, 0.0)
(0.0, 0.0)
(0.0, 0.0)
(0.0, 0.0)
(0.0, 0.0)
(0.0, 0.0)
(0.0, 0.0)
(0.0, 0.0)
(0.0, 0.0)
(0.0, 0.0)
(0.0, 0.0)
(0.0, 0.0)
(0.0, 0.0)
(0.0, 0.0)
(0.0, 0.0)
(0.0, 0.0)
(0.0, 0.0)
(0.0, 0.0)
(0.0, 0.0)
(0.0, 0.0)
(0.0, 0.0)
(0.0, 0.0)
(0.0, 0.0)
(0.0, 0.0)
(0.0, 0.0)
(0.0, 0.0)
(0.0, 0.0)
(0.0, 0.0)
(0.0, 0.0)
(0.0, 0.0)
(0.0, 0.0)
(0.0, 0.0)
(0.0, 0.0)
(0.0, 0.0)
(0.0, 0.0)
(0.0, 0.0)
(0.0, 0.0)
(0.0, 0.0)
(0.0, 0.0)
(0.0, 0.0)
(0.0, 0.0)
(0.0, 0.0)
(0.0, 0.0)
(0.0, 0.0)
(0.0, 0.0)
(0.0, 0.0)
(0.0, 0.0)
(0.0, 0.0)
(0.0, 0.0)
(0.0, 0.0)
(0.0, 0.0)
(0.0, 0.0)
(0.0, 0.0)
(0.0, 0.0)
(0.0, 0.0)
(0.0, 0.0)
(0.0, 0.0)
(0.0, 0.0)
(0.0, 0.0)
(0.0, 0.0)
(0.0, 0.0)
(0.0, 0.0)
(0.0, 0.0)
(0.0, 0.0)
(0.0, 0.0)
(0.0, 0.0)
(0.0, 0.0)
(0.0, 0.0)
(0.0, 0.0)
(0.0, 0.0)
(0.0, 0.0)
(0.0, 0.0)
(0.0, 0.0)
(0.0, 0.0)
(0.0, 0.0)
(0.0, 0.0)
(0.0, 0.0)
(0.0, 0.0)
(0.0, 0.0)
(0.0, 0.0)
(0.0, 0.0)
(0.0, 0.0)
(0.0, 0.0)
(0.0, 0.0)
(0.0, 0.0)
(0.0, 0.0)
(0.0, 0.0)
(0.0, 0.0)
(0.0, 0.0)
(0.0, 0.0)
(0.0, 0.0)
(0.0, 0.0)
(0.0, 0.0)
(0.0, 0.0)
(0.0, 0.0)
(0.0, 0.0)
(0.0, 0.0)
(0.0, 0.0)
(0.0, 0.0)
(0.0, 0.0)
(0.0, 0.0)
(0.0, 0.0)
(0.0, 0.0)
(0.0, 0.0)
(0.0, 0.0)
(0.0, 0.0)
(0.0, 0.0)
(0.0, 0.0)
(0.0, 0.0)
(0.0, 0.0)
(0.0, 0.0)
(0.0, 0.0)
(0.0, 0.0)
(0.0, 0.0)
(0.0, 0.0)
(0.0, 0.0)
(0.0, 0.0)
(0.0, 0.0)
(0.0, 0.0)
(0.0, 0.0)
(0.0, 0.0)
(0.0, 0.0)
(0.0, 0.0)
(0.0, 0.0)
(0.0, 0.0)
(0.0, 0.0)
(0.0, 0.0)
(0.0, 0.0)
(0.0, 0.0)
(0.0, 0.0)
(0.0, 0.0)
(0.0, 0.0)
(0.0, 0.0)
(0.0, 0.0)
(0.0, 0.0)
(0.0, 0.0)
(0.0, 0.0)
(0.0, 0.0)
(0.0, 0.0)
(0.0, 0.0)
(0.0, 0.0)
(0.0, 0.0)
(0.0, 0.0)
(0.0, 0.0)
(0.0, 0.0)
(0.0, 0.0)
(0.0, 0.0)
(0.0, 0.0)
(0.0, 0.0)
(0.0, 0.0)
(0.0, 0.0)
(0.0, 0.0)
(0.0, 0.0)
(0.0, 0.0)
(0.0, 0.0)
(0.0, 0.0)
(0.0, 0.0)
(0.0, 0.0)
(0.0, 0.0)
(0.0, 0.0)
(0.0, 0.0)
(0.0, 0.0)
(0.0, 0.0)
(0.0, 0.0)
(0.0, 0.0)
(0.0, 0.0)
(0.0, 0.0)
(0.0, 0.0)
(0.0, 0.0)
(0.0, 0.0)
(0.0, 0.0)
(0.0, 0.0)
(0.0, 0.0)
(0.0, 0.0)
(0.0, 0.0)
(0.0, 0.0)
(0.0, 0.0)
(0.0, 0.0)
(0.0, 0.0)
(0.0, 0.0)
(0.0, 0.0)
(0.0, 0.0)
(0.0, 0.0)
(0.0, 0.0)
(0.0, 0.0)
(0.0, 0.0)
(0.0, 0.0)
(0.0, 0.0)
(0.0, 0.0)
(0.0, 0.0)
(0.0, 0.0)
(0.0, 0.0)
(0.0, 0.0)
(0.0, 0.0)
(0.0, 0.0)
(0.0, 0.0)
(0.0, 0.0)
(0.0, 0.0)
(0.0, 0.0)
(0.0, 0.0)
(0.0, 0.0)
(0.0, 0.0)
(0.0, 0.0)
(0.0, 0.0)
(0.0, 0.0)
(0.0, 0.0)
(0.0, 0.0)
(0.0, 0.0)
(0.0, 0.0)
(0.0, 0.0)
(0.0, 0.0)
(0.0, 0.0)
(0.0, 0.0)
(0.0, 0.0)
(0.0, 0.0)
(0.0, 0.0)
(0.0, 0.0)
(0.0, 0.0)
(0.0, 0.0)
(0.0, 0.0)
(0.0, 0.0)
(0.0, 0.0)
(0.0, 0.0)
(0.0, 0.0)
(0.0, 0.0)
(0.0, 0.0)
(0.0, 0.0)
(0.0, 0.0)
(0.0, 0.0)
(0.0, 0.0)
(0.0, 0.0)
(0.0, 0.0)
(0.0, 0.0)
(0.0, 0.0)
(0.0, 0.0)
(0.0, 0.0)
(0.0, 0.0)
(0.0, 0.0)
(0.0, 0.0)
(0.0, 0.0)
(0.0, 0.0)
(0.0, 0.0)
(0.0, 0.0)
(0.0, 0.0)
(0.0, 0.0)
(0.0, 0.0)
(0.0, 0.0)
(0.0, 0.0)
(0.0, 0.0)
(0.0, 0.0)
(0.0, 0.0)
(0.0, 0.0)
(0.0, 0.0)
(0.0, 0.0)
(0.0, 0.0)
(0.0, 0.0)
(0.0, 0.0)
(0.0, 0.0)
(0.0, 0.0)
(0.0, 0.0)
(0.0, 0.0)
(0.0, 0.0)
(0.0, 0.0)
(0.0, 0.0)
(0.0, 0.0)
(0.0, 0.0)
(0.0, 0.0)
(0.0, 0.0)
(0.0, 0.0)
(0.0, 0.0)
(0.0, 0.0)
(0.0, 0.0)
(0.0, 0.0)
(0.0, 0.0)
(0.0, 0.0)
(0.0, 0.0)
(0.0, 0.0)
(0.0, 0.0)
(0.0, 0.0)
(0.0, 0.0)
(0.0, 0.0)
(0.0, 0.0)
(0.0, 0.0)
(0.0, 0.0)
(0.0, 0.0)
(0.0, 0.0)
(0.0, 0.0)
(0.0, 0.0)
(0.0, 0.0)
(0.0, 0.0)
(0.0, 0.0)
(0.0, 0.0)
(0.0, 0.0)
(0.0, 0.0)
(0.0, 0.0)
(0.0, 0.0)
(0.0, 0.0)
(0.0, 0.0)
(0.0, 0.0)
(0.0, 0.0)
(0.0, 0.0)
(0.0, 0.0)
(0.0, 0.0)
(0.0, 0.0)
(0.0, 0.0)
(0.0, 0.0)
(0.0, 0.0)
(0.0, 0.0)
(0.0, 0.0)
(0.0, 0.0)
(0.0, 0.0)
(0.0, 0.0)
(0.0, 0.0)
(0.0, 0.0)
(0.0, 0.0)
(0.0, 0.0)
(0.0, 0.0)
(0.0, 0.0)
(0.0, 0.0)
(0.0, 0.0)
(0.0, 0.0)
(0.0, 0.0)
(0.0, 0.0)
(0.0, 0.0)
(0.0, 0.0)
(0.0, 0.0)
(0.0, 0.0)
(0.0, 0.0)
(0.0, 0.0)
(0.0, 0.0)
(0.0, 0.0)
(0.0, 0.0)
(0.0, 0.0)
(0.0, 0.0)
(0.0, 0.0)
(0.0, 0.0)
(0.0, 0.0)
(0.0, 0.0)
(0.0, 0.0)
(0.0, 0.0)
(0.0, 0.0)
(0.0, 0.0)
(0.0, 0.0)
(0.0, 0.0)
(0.0, 0.0)
(0.0, 0.0)
(0.0, 0.0)
(0.0, 0.0)
(0.0, 0.0)
(0.0, 0.0)
(0.0, 0.0)
(0.0, 0.0)
(0.0, 0.0)
(0.0, 0.0)
(0.0, 0.0)
(0.0, 0.0)
(0.0, 0.0)
(0.0, 0.0)
(0.0, 0.0)
(0.0, 0.0)
(0.0, 0.0)
(0.0, 0.0)
(0.0, 0.0)
(0.0, 0.0)
(0.0, 0.0)
(0.0, 0.0)
(0.0, 0.0)
(0.0, 0.0)
(0.0, 0.0)
(0.0, 0.0)
(0.0, 0.0)
(0.0, 0.0)
(0.0, 0.0)
(0.0, 0.0)
(0.0, 0.0)
(0.0, 0.0)
(0.0, 0.0)
(0.0, 0.0)
(0.0, 0.0)
(0.0, 0.0)
(0.0, 0.0)
(0.0, 0.0)
(0.0, 0.0)
(0.0, 0.0)
(0.0, 0.0)
(0.0, 0.0)
(0.0, 0.0)
(0.0, 0.0)
(0.0, 0.0)
(0.0, 0.0)
(0.0, 0.0)
(0.0, 0.0)
(0.0, 0.0)
(0.0, 0.0)
(0.0, 0.0)
(0.0, 0.0)
(0.0, 0.0)
(0.0, 0.0)
(0.0, 0.0)
(0.0, 0.0)
(0.0, 0.0)
(0.0, 0.0)
(0.0, 0.0)
(0.0, 0.0)
(0.0, 0.0)
(0.0, 0.0)
(0.0, 0.0)
(0.0, 0.0)
(0.0, 0.0)
(0.0, 0.0)
(0.0, 0.0)
(0.0, 0.0)
(0.0, 0.0)
(0.0, 0.0)
(0.0, 0.0)
(0.0, 0.0)
(0.0, 0.0)
(0.0, 0.0)
(0.0, 0.0)
(0.0, 0.0)
(0.0, 0.0)
(0.0, 0.0)
(0.0, 0.0)
(0.0, 0.0)
(0.0, 0.0)
(0.0, 0.0)
(0.0, 0.0)
(0.0, 0.0)
(0.0, 0.0)
(0.0, 0.0)
(0.0, 0.0)
(0.0, 0.0)
(0.0, 0.0)
(0.0, 0.0)
(0.0, 0.0)
(0.0, 0.0)
(0.0, 0.0)
(0.0, 0.0)
(0.0, 0.0)
(0.0, 0.0)
(0.0, 0.0)
(0.0, 0.0)
(0.0, 0.0)
(0.0, 0.0)
(0.0, 0.0)
(0.0, 0.0)
(0.0, 0.0)
(0.0, 0.0)
(0.0, 0.0)
(0.0, 0.0)
(0.0, 0.0)
(0.0, 0.0)
(0.0, 0.0)
(0.0, 0.0)
(0.0, 0.0)
(0.0, 0.0)
(0.0, 0.0)
(0.0, 0.0)
(0.0, 0.0)
(0.0, 0.0)
(0.0, 0.0)
(0.0, 0.0)
(0.0, 0.0)
(0.0, 0.0)
(0.0, 0.0)
(0.0, 0.0)
(0.0, 0.0)
(0.0, 0.0)
(0.0, 0.0)
(0.0, 0.0)
(0.0, 0.0)
(0.0, 0.0)
(0.0, 0.0)
(0.0, 0.0)
(0.0, 0.0)
(0.0, 0.0)
(0.0, 0.0)
(0.0, 0.0)
(0.0, 0.0)
(0.0, 0.0)
(0.0, 0.0)
(0.0, 0.0)
(0.0, 0.0)
(0.0, 0.0)
(0.0, 0.0)
(0.0, 0.0)
(0.0, 0.0)
(0.0, 0.0)
(0.0, 0.0)
(0.0, 0.0)
(0.0, 0.0)
(0.0, 0.0)
(0.0, 0.0)
(0.0, 0.0)
(0.0, 0.0)
(0.0, 0.0)
(0.0, 0.0)
(0.0, 0.0)
(0.0, 0.0)
(0.0, 0.0)
(0.0, 0.0)
(0.0, 0.0)
(0.0, 0.0)
(0.0, 0.0)
(0.0, 0.0)
(0.0, 0.0)
(0.0, 0.0)
(0.0, 0.0)
(0.0, 0.0)
(0.0, 0.0)
(0.0, 0.0)
(0.0, 0.0)
(0.0, 0.0)
(0.0, 0.0)
(0.0, 0.0)
(0.0, 0.0)
(0.0, 0.0)
(0.0, 0.0)
(0.0, 0.0)
(0.0, 0.0)
(0.0, 0.0)
(0.0, 0.0)
(0.0, 0.0)
(0.0, 0.0)
(0.0, 0.0)
(0.0, 0.0)
(0.0, 0.0)
(0.0, 0.0)
(0.0, 0.0)
(0.0, 0.0)
(0.0, 0.0)
(0.0, 0.0)
(0.10000000149011612, 0.0010000000149011613)
(0.0, 0.0010000000149011613)
(0.0, 0.0010000000149011613)
(0.10000000149011612, 0.0020000000298023225)
(0.0, 0.0020000000298023225)
(0.0, 0.0020000000298023225)
(0.0, 0.0020000000298023225)
(0.0, 0.0020000000298023225)
(0.0, 0.0020000000298023225)
(0.0, 0.0020000000298023225)
(0.0, 0.0020000000298023225)
(0.0, 0.0020000000298023225)
(0.0, 0.0020000000298023225)
(0.0, 0.0020000000298023225)
(0.0, 0.0020000000298023225)
(0.0, 0.0020000000298023225)
(0.0, 0.0020000000298023225)
(0.0, 0.0020000000298023225)
(0.0, 0.0020000000298023225)
(0.0, 0.0020000000298023225)
(0.0, 0.0020000000298023225)
(0.0, 0.0020000000298023225)
(0.0, 0.0020000000298023225)
(0.0, 0.0020000000298023225)
(0.0, 0.0020000000298023225)
(0.0, 0.0020000000298023225)
(0.0, 0.0020000000298023225)
(0.0, 0.0020000000298023225)
(0.0, 0.0020000000298023225)
(0.0, 0.0020000000298023225)
(0.0, 0.0020000000298023225)
(0.0, 0.0020000000298023225)
(0.0, 0.0020000000298023225)
(0.0, 0.0020000000298023225)
(0.0, 0.0020000000298023225)
(0.0, 0.0020000000298023225)
(0.0, 0.0020000000298023225)
(0.0, 0.0020000000298023225)
(0.10000000149011612, 0.0030000000447034836)
(0.10000000149011612, 0.004000000059604645)
(0.10000000149011612, 0.005000000074505806)
(0.0, 0.005000000074505806)
(0.0, 0.005000000074505806)
(0.0, 0.005000000074505806)
(0.10000000149011612, 0.006000000089406967)
(0.0, 0.006000000089406967)
(0.0, 0.006000000089406967)
(0.0, 0.006000000089406967)
(0.0, 0.006000000089406967)
(0.0, 0.006000000089406967)
(0.0, 0.006000000089406967)
(0.0, 0.006000000089406967)
(0.0, 0.006000000089406967)
(0.0, 0.006000000089406967)
(0.0, 0.006000000089406967)
(0.0, 0.006000000089406967)
(0.0, 0.006000000089406967)
(0.0, 0.006000000089406967)
(0.0, 0.006000000089406967)
(0.0, 0.006000000089406967)
(0.0, 0.006000000089406967)
(0.0, 0.006000000089406967)
(0.0, 0.006000000089406967)
(0.0, 0.006000000089406967)
(0.0, 0.006000000089406967)
(0.0, 0.006000000089406967)
(0.0, 0.006000000089406967)
(0.0, 0.006000000089406967)
(0.0, 0.006000000089406967)
(0.0, 0.006000000089406967)
(0.10000000149011612, 0.007000000104308128)
(0.0, 0.007000000104308128)
(0.0, 0.007000000104308128)
(0.0, 0.007000000104308128)
(0.09000000171363354, 0.007900000121444463)
(0.0, 0.007900000121444463)
(0.0, 0.007900000121444463)
(0.0, 0.007900000121444463)
(0.10000000149011612, 0.008900000136345626)
(0.0, 0.008900000136345626)
(0.10000000149011612, 0.009900000151246787)
(0.0, 0.009900000151246787)
(0.09000000171363354, 0.010800000168383122)
(0.09000000171363354, 0.011700000185519456)
(0.09000000171363354, 0.012600000202655792)
(0.10000000149011612, 0.013600000217556953)
(0.0, 0.013600000217556953)
(0.0, 0.013600000217556953)
(0.09000000171363354, 0.014500000234693288)
(0.0, 0.014500000234693288)
(0.10000000149011612, 0.01550000024959445)
(0.0, 0.01550000024959445)
(0.0, 0.01550000024959445)
(0.0, 0.01550000024959445)
(0.0, 0.01550000024959445)
(0.0, 0.01550000024959445)
(0.09000000171363354, 0.016400000266730785)
(0.0, 0.016400000266730785)
(0.0, 0.016400000266730785)
(0.0, 0.016400000266730785)
(0.0, 0.015400000251829624)
(0.0, 0.015400000251829624)
(0.0, 0.015400000251829624)
(0.0, 0.014400000236928463)
(0.0, 0.014400000236928463)
(0.0, 0.014400000236928463)
(0.0, 0.014400000236928463)
(0.0, 0.014400000236928463)
(0.09000000171363354, 0.015300000254064798)
(0.0, 0.015300000254064798)
(0.10000000149011612, 0.01630000026896596)
(0.0, 0.01630000026896596)
(0.0, 0.01630000026896596)
(0.0, 0.01630000026896596)
(0.0, 0.01630000026896596)
(0.0, 0.01630000026896596)
(0.0, 0.01630000026896596)
(0.0, 0.01630000026896596)
(0.0, 0.01630000026896596)
(0.0, 0.01630000026896596)
(0.0, 0.01630000026896596)
(0.0, 0.01630000026896596)
(0.0, 0.01630000026896596)
(0.0, 0.01630000026896596)
(0.0, 0.01630000026896596)
(0.0, 0.01630000026896596)
(0.0, 0.01630000026896596)
(0.0, 0.01630000026896596)
(0.0, 0.01630000026896596)
(0.0, 0.01630000026896596)
(0.0, 0.01630000026896596)
(0.0, 0.01630000026896596)
(0.0, 0.01630000026896596)
(0.0, 0.01630000026896596)
(0.0, 0.01630000026896596)
(0.0, 0.01630000026896596)
(0.0, 0.01630000026896596)
(0.0, 0.01630000026896596)
(0.0, 0.015300000254064798)
(0.0, 0.014300000239163637)
(0.0, 0.013300000224262476)
(0.0, 0.013300000224262476)
(0.0, 0.013300000224262476)
(0.0, 0.013300000224262476)
(0.0, 0.012300000209361315)
(0.0, 0.012300000209361315)
(0.0, 0.012300000209361315)
(0.0, 0.012300000209361315)
(0.0, 0.012300000209361315)
(0.0, 0.012300000209361315)
(0.0, 0.012300000209361315)
(0.0, 0.012300000209361315)
(0.0, 0.012300000209361315)
(0.0, 0.012300000209361315)
(0.0, 0.012300000209361315)
(0.0, 0.012300000209361315)
(0.0, 0.012300000209361315)
(0.0, 0.012300000209361315)
(0.0, 0.012300000209361315)
(0.0, 0.012300000209361315)
(0.0, 0.012300000209361315)
(0.0, 0.012300000209361315)
(0.0, 0.012300000209361315)
(0.0, 0.012300000209361315)
(0.0, 0.012300000209361315)
(0.0, 0.012300000209361315)
(0.0, 0.012300000209361315)
(0.0, 0.012300000209361315)
(0.0, 0.012300000209361315)
(0.0, 0.012300000209361315)
(0.0, 0.011300000194460154)
(0.0, 0.011300000194460154)
(0.0, 0.011300000194460154)
(0.0, 0.011300000194460154)
(0.0, 0.010400000177323818)
(0.0, 0.010400000177323818)
(0.0, 0.010400000177323818)
(0.0, 0.010400000177323818)
(0.0, 0.009400000162422657)
(0.0, 0.009400000162422657)
(0.0, 0.008400000147521496)
(0.0, 0.008400000147521496)
(0.0, 0.007500000130385161)
(0.0, 0.006600000113248825)
(0.0, 0.00570000009611249)
(0.0, 0.004700000081211329)
(0.0, 0.004700000081211329)
(0.0, 0.004700000081211329)
(0.0, 0.003800000064074993)
(0.0, 0.003800000064074993)
(0.0, 0.002800000049173832)
(0.0, 0.002800000049173832)
(0.0, 0.002800000049173832)
(0.0, 0.002800000049173832)
(0.0, 0.002800000049173832)
(0.0, 0.002800000049173832)
(0.0, 0.0019000000320374966)
(0.0, 0.0019000000320374966)
(0.0, 0.0019000000320374966)
(0.0, 0.0019000000320374966)
(0.0, 0.0019000000320374966)
(0.0, 0.0019000000320374966)
(0.0, 0.0019000000320374966)
(0.0, 0.0019000000320374966)
(0.0, 0.0019000000320374966)
(0.0, 0.0019000000320374966)
(0.0, 0.0019000000320374966)
(0.0, 0.0019000000320374966)
(0.0, 0.0010000000149011613)
(0.0, 0.0010000000149011613)
(0.0, 0.0)
(0.0, 0.0)
(0.0, 0.0)
(0.0, 0.0)
(0.0, 0.0)
(0.0, 0.0)
(0.0, 0.0)
(0.0, 0.0)
(0.0, 0.0)
(0.0, 0.0)
(0.0, 0.0)
(0.0, 0.0)
(0.0, 0.0)
(0.0, 0.0)
(0.0, 0.0)
(0.0, 0.0)
(0.0, 0.0)
(0.0, 0.0)
(0.0, 0.0)
(0.0, 0.0)
(0.0, 0.0)
(0.0, 0.0)
(0.0, 0.0)
(0.0, 0.0)
(0.0, 0.0)
(0.0, 0.0)
(0.0, 0.0)
(0.0, 0.0)
(0.0, 0.0)
(0.0, 0.0)
(0.0, 0.0)
(0.0, 0.0)
(0.0, 0.0)
(0.0, 0.0)
(0.0, 0.0)
(0.0, 0.0)
(0.0, 0.0)
(0.0, 0.0)
(0.0, 0.0)
(0.0, 0.0)
(0.0, 0.0)
(0.0, 0.0)
(0.0, 0.0)
(0.0, 0.0)
(0.0, 0.0)
(0.0, 0.0)
(0.0, 0.0)
(0.0, 0.0)
(0.0, 0.0)
(0.0, 0.0)
(0.0, 0.0)
(0.0, 0.0)
(0.0, 0.0)
(0.0, 0.0)
(0.0, 0.0)
(0.0, 0.0)
(0.0, 0.0)
(0.0, 0.0)
(0.0, 0.0)
(0.0, 0.0)
(0.0, 0.0)
(0.0, 0.0)
(0.0, 0.0)
(0.0, 0.0)
(0.0, 0.0)
(0.0, 0.0)
(0.0, 0.0)
(0.0, 0.0)
(0.0, 0.0)
(0.0, 0.0)
(0.0, 0.0)
(0.0, 0.0)
(0.0, 0.0)
(0.0, 0.0)
(0.0, 0.0)
(0.0, 0.0)
(0.0, 0.0)
(0.0, 0.0)
(0.0, 0.0)
(0.0, 0.0)
(0.0, 0.0)
(0.0, 0.0)
(0.0, 0.0)
(0.0, 0.0)
(0.0, 0.0)
(0.0, 0.0)
(0.0, 0.0)
(0.0, 0.0)
(0.0, 0.0)
(0.0, 0.0)
(0.0, 0.0)
(0.0, 0.0)
(0.0, 0.0)
(0.0, 0.0)
(0.0, 0.0)
(0.0, 0.0)
(0.0, 0.0)
(0.0, 0.0)
(0.0, 0.0)
(0.0, 0.0)
(0.0, 0.0)
(0.0, 0.0)
(0.0, 0.0)
(0.0, 0.0)
(0.0, 0.0)
(0.0, 0.0)
(0.0, 0.0)
(0.0, 0.0)
(0.0, 0.0)
(0.0, 0.0)
(0.0, 0.0)
(0.0, 0.0)
(0.0, 0.0)
(0.0, 0.0)
(0.0, 0.0)
(0.0, 0.0)
(0.0, 0.0)
(0.0, 0.0)
(0.0, 0.0)
(0.0, 0.0)
(0.0, 0.0)
(0.0, 0.0)
(0.0, 0.0)
(0.0, 0.0)
(0.0, 0.0)
(0.0, 0.0)
(0.0, 0.0)
(0.0, 0.0)
(0.0, 0.0)
(0.0, 0.0)
(0.0, 0.0)
(0.0, 0.0)
(0.0, 0.0)
(0.0, 0.0)
(0.0, 0.0)
(0.0, 0.0)
(0.0, 0.0)
(0.0, 0.0)
(0.0, 0.0)
(0.0, 0.0)
(0.0, 0.0)
(0.0, 0.0)
(0.0, 0.0)
(0.0, 0.0)
(0.0, 0.0)
(0.0, 0.0)
(0.0, 0.0)
(0.0, 0.0)
(0.0, 0.0)
(0.0, 0.0)
(0.0, 0.0)
(0.0, 0.0)
(0.0, 0.0)
(0.0, 0.0)
(0.0, 0.0)
(0.0, 0.0)
(0.0, 0.0)
(0.0, 0.0)
(0.0, 0.0)
(0.0, 0.0)
(0.0, 0.0)
(0.0, 0.0)
(0.0, 0.0)
(0.0, 0.0)
(0.0, 0.0)
(0.0, 0.0)
(0.0, 0.0)
(0.0, 0.0)
(0.0, 0.0)
(0.0, 0.0)
(0.0, 0.0)
(0.0, 0.0)
(0.0, 0.0)
(0.0, 0.0)
(0.0, 0.0)
(0.0, 0.0)
(0.0, 0.0)
(0.0, 0.0)
(0.0, 0.0)
(0.0, 0.0)
(0.0, 0.0)
(0.0, 0.0)
(0.0, 0.0)
(0.0, 0.0)
(0.0, 0.0)
(0.0, 0.0)
(0.0, 0.0)
(0.0, 0.0)
(0.0, 0.0)
(0.0, 0.0)
(0.0, 0.0)
(0.0, 0.0)
(0.0, 0.0)
(0.0, 0.0)
(0.0, 0.0)
(0.0, 0.0)
(0.0, 0.0)
(0.0, 0.0)
(0.0, 0.0)
(0.0, 0.0)
(0.0, 0.0)
(0.0, 0.0)
(0.0, 0.0)
(0.0, 0.0)
(0.0, 0.0)
(0.0, 0.0)
(0.0, 0.0)
(0.0, 0.0)
(0.0, 0.0)
(0.0, 0.0)
(0.0, 0.0)
(0.0, 0.0)
(0.0, 0.0)
(0.0, 0.0)
(0.0, 0.0)
(0.0, 0.0)
(0.0, 0.0)
(0.0, 0.0)
(0.0, 0.0)
(0.0, 0.0)
(0.0, 0.0)
(0.0, 0.0)
(0.0, 0.0)
(0.0, 0.0)
(0.0, 0.0)
(0.0, 0.0)
(0.0, 0.0)
(0.0, 0.0)
(0.0, 0.0)
(0.0, 0.0)
(0.0, 0.0)
(0.0, 0.0)
(0.0, 0.0)
(0.0, 0.0)
(0.0, 0.0)
(0.0, 0.0)
(0.0, 0.0)
(0.0, 0.0)
(0.0, 0.0)
(0.0, 0.0)
(0.0, 0.0)
(0.0, 0.0)
(0.0, 0.0)
(0.0, 0.0)
(0.0, 0.0)
(0.0, 0.0)
(0.0, 0.0)
(0.0, 0.0)
(0.0, 0.0)
(0.0, 0.0)
(0.0, 0.0)
(0.0, 0.0)
(0.0, 0.0)
(0.0, 0.0)
(0.0, 0.0)
(0.0, 0.0)
(0.0, 0.0)
(0.0, 0.0)
(0.0, 0.0)
(0.0, 0.0)
(0.0, 0.0)
(0.0, 0.0)
(0.0, 0.0)
(0.0, 0.0)
(0.0, 0.0)
(0.0, 0.0)
(0.0, 0.0)
(0.0, 0.0)
(0.0, 0.0)
(0.0, 0.0)
(0.0, 0.0)
(0.0, 0.0)
(0.0, 0.0)
(0.0, 0.0)
(0.0, 0.0)
(0.0, 0.0)
(0.0, 0.0)
(0.0, 0.0)
(0.0, 0.0)
(0.0, 0.0)
(0.0, 0.0)
(0.0, 0.0)
(0.0, 0.0)
(0.0, 0.0)
(0.0, 0.0)
(0.0, 0.0)
(0.0, 0.0)
(0.0, 0.0)
(0.0, 0.0)
(0.0, 0.0)
(0.0, 0.0)
(0.0, 0.0)
(0.0, 0.0)
(0.0, 0.0)
(0.0, 0.0)
(0.0, 0.0)
(0.0, 0.0)
(0.0, 0.0)
(0.0, 0.0)
(0.0, 0.0)
(0.0, 0.0)
(0.0, 0.0)
(0.0, 0.0)
(0.0, 0.0)
(0.0, 0.0)
(0.0, 0.0)
(0.0, 0.0)
(0.0, 0.0)
(0.0, 0.0)
(0.0, 0.0)
(0.0, 0.0)
(0.0, 0.0)
(0.0, 0.0)
(0.0, 0.0)
(0.0, 0.0)
(0.0, 0.0)
(0.0, 0.0)
(0.0, 0.0)
(0.0, 0.0)
(0.0, 0.0)
(0.0, 0.0)
(0.0, 0.0)
(0.0, 0.0)
(0.0, 0.0)
(0.0, 0.0)
(0.0, 0.0)
(0.0, 0.0)
(0.0, 0.0)
(0.0, 0.0)
(0.0, 0.0)
(0.0, 0.0)
(0.0, 0.0)
(0.0, 0.0)
(0.0, 0.0)
(0.0, 0.0)
(0.0, 0.0)
(0.0, 0.0)
(0.0, 0.0)
(0.0, 0.0)
(0.0, 0.0)
(0.0, 0.0)
(0.0, 0.0)
(0.0, 0.0)
(0.0, 0.0)
(0.0, 0.0)
(0.0, 0.0)
(0.0, 0.0)
(0.0, 0.0)
(0.0, 0.0)
(0.0, 0.0)
(0.0, 0.0)
(0.0, 0.0)
(0.0, 0.0)
(0.0, 0.0)
(0.0, 0.0)
(0.0, 0.0)
(0.0, 0.0)
(0.0, 0.0)
(0.0, 0.0)
(0.0, 0.0)
(0.0, 0.0)
(0.0, 0.0)
(0.0, 0.0)
(0.0, 0.0)
(0.0, 0.0)
(0.0, 0.0)
(0.0, 0.0)
(0.0, 0.0)
(0.0, 0.0)
(0.0, 0.0)
(0.0, 0.0)
(0.0, 0.0)
(0.0, 0.0)
(0.0, 0.0)
(0.0, 0.0)
(0.0, 0.0)
(0.0, 0.0)
(0.0, 0.0)
(0.0, 0.0)
(0.0, 0.0)
(0.0, 0.0)
(0.0, 0.0)
(0.0, 0.0)
(0.0, 0.0)
(0.0, 0.0)
(0.0, 0.0)
(0.0, 0.0)
(0.0, 0.0)
(0.0, 0.0)
(0.0, 0.0)
(0.0, 0.0)
(0.0, 0.0)
(0.0, 0.0)
(0.0, 0.0)
(0.0, 0.0)
(0.0, 0.0)
(0.0, 0.0)
(0.0, 0.0)
(0.0, 0.0)
(0.0, 0.0)
(0.0, 0.0)
(0.0, 0.0)
(0.0, 0.0)
(0.0, 0.0)
(0.0, 0.0)
(0.0, 0.0)
(0.0, 0.0)
(0.0, 0.0)
(0.0, 0.0)
(0.0, 0.0)
(0.0, 0.0)
(0.0, 0.0)
(0.0, 0.0)
(0.0, 0.0)
(0.0, 0.0)
(0.0, 0.0)
(0.0, 0.0)
(0.0, 0.0)
(0.0, 0.0)
(0.0, 0.0)
(0.0, 0.0)
(0.0, 0.0)
(0.0, 0.0)
(0.0, 0.0)
(0.0, 0.0)
(0.0, 0.0)
(0.0, 0.0)
(0.0, 0.0)
(0.0, 0.0)
(0.0, 0.0)
(0.0, 0.0)
(0.0, 0.0)
(0.0, 0.0)
(0.0, 0.0)
(0.0, 0.0)
(0.0, 0.0)
(0.0, 0.0)
(0.0, 0.0)
(0.0, 0.0)
(0.0, 0.0)
(0.0, 0.0)
(0.0, 0.0)
(0.0, 0.0)
(0.0, 0.0)
(0.0, 0.0)
(0.0, 0.0)
(0.0, 0.0)
(0.0, 0.0)
(0.0, 0.0)
(0.0, 0.0)
(0.0, 0.0)
(0.0, 0.0)
(0.0, 0.0)
(0.0, 0.0)
(0.0, 0.0)
(0.0, 0.0)
(0.0, 0.0)
(0.0, 0.0)
(0.0, 0.0)
(0.0, 0.0)
(0.0, 0.0)
(0.0, 0.0)
(0.0, 0.0)
(0.0, 0.0)
(0.0, 0.0)
(0.0, 0.0)
(0.0, 0.0)
(0.0, 0.0)
(0.0, 0.0)
(0.0, 0.0)
(0.0, 0.0)
(0.0, 0.0)
(0.0, 0.0)
(0.0, 0.0)
(0.0, 0.0)
(0.0, 0.0)
(0.0, 0.0)
(0.0, 0.0)
(0.0, 0.0)
(0.0, 0.0)
(0.0, 0.0)
(0.0, 0.0)
(0.0, 0.0)
(0.0, 0.0)
(0.0, 0.0)
(0.0, 0.0)
(0.0, 0.0)
(0.0, 0.0)
(0.0, 0.0)
(0.0, 0.0)
(0.0, 0.0)
(0.0, 0.0)
(0.0, 0.0)
(0.0, 0.0)
(0.0, 0.0)
(0.0, 0.0)
(0.0, 0.0)
(0.0, 0.0)
(0.0, 0.0)
(0.0, 0.0)
(0.0, 0.0)
(0.0, 0.0)
(0.0, 0.0)
(0.0, 0.0)
(0.0, 0.0)
(0.0, 0.0)
(0.0, 0.0)
(0.0, 0.0)
(0.0, 0.0)
(0.0, 0.0)
(0.0, 0.0)
(0.0, 0.0)
(0.0, 0.0)
(0.0, 0.0)
(0.0, 0.0)
(0.0, 0.0)
(0.0, 0.0)
(0.0, 0.0)
(0.0, 0.0)
(0.0, 0.0)
(0.0, 0.0)
(0.0, 0.0)
(0.0, 0.0)
(0.0, 0.0)
(0.0, 0.0)
(0.0, 0.0)
(0.0, 0.0)
(0.0, 0.0)
(0.0, 0.0)
(0.0, 0.0)
(0.0, 0.0)
(0.0, 0.0)
(0.0, 0.0)
(0.0, 0.0)
(0.0, 0.0)
(0.0, 0.0)
(0.0, 0.0)
(0.0, 0.0)
(0.0, 0.0)
(0.0, 0.0)
(0.0, 0.0)
(0.0, 0.0)
(0.0, 0.0)
(0.0, 0.0)
(0.0, 0.0)
(0.0, 0.0)
(0.0, 0.0)
(0.0, 0.0)
(0.0, 0.0)
(0.0, 0.0)
(0.0, 0.0)
(0.0, 0.0)
(0.0, 0.0)
(0.0, 0.0)
(0.0, 0.0)
(0.0, 0.0)
(0.0, 0.0)
(0.0, 0.0)
(0.0, 0.0)
(0.0, 0.0)
(0.0, 0.0)
(0.0, 0.0)
(0.0, 0.0)
(0.0, 0.0)
(0.0, 0.0)
(0.0, 0.0)
(0.0, 0.0)
(0.0, 0.0)
(0.0, 0.0)
(0.0, 0.0)
(0.0, 0.0)
(0.0, 0.0)
(0.0, 0.0)
(0.0, 0.0)
(0.0, 0.0)
(0.0, 0.0)
(0.0, 0.0)
(0.0, 0.0)
(0.0, 0.0)
(0.0, 0.0)
(0.0, 0.0)
(0.0, 0.0)
(0.0, 0.0)
(0.0, 0.0)
(0.0, 0.0)
(0.0, 0.0)
(0.0, 0.0)
(0.0, 0.0)
(0.0, 0.0)
(0.0, 0.0)
(0.0, 0.0)
(0.0, 0.0)
(0.0, 0.0)
(0.0, 0.0)
(0.0, 0.0)
(0.0, 0.0)
(0.0, 0.0)
(0.0, 0.0)
(0.0, 0.0)
(0.0, 0.0)
(0.0, 0.0)
(0.0, 0.0)
(0.0, 0.0)
(0.0, 0.0)
(0.0, 0.0)
(0.0, 0.0)
(0.0, 0.0)
(0.0, 0.0)
(0.0, 0.0)
(0.0, 0.0)
(0.0, 0.0)
(0.0, 0.0)
(0.0, 0.0)
(0.0, 0.0)
(0.0, 0.0)
(0.0, 0.0)
(0.0, 0.0)
(0.0, 0.0)
(0.0, 0.0)
(0.0, 0.0)
(0.0, 0.0)
(0.0, 0.0)
(0.0, 0.0)
(0.0, 0.0)
(0.0, 0.0)
(0.0, 0.0)
(0.0, 0.0)
(0.0, 0.0)
(0.0, 0.0)
(0.0, 0.0)
(0.0, 0.0)
(0.0, 0.0)
(0.0, 0.0)
(0.0, 0.0)
(0.0, 0.0)
(0.0, 0.0)
(0.0, 0.0)
(0.0, 0.0)
(0.0, 0.0)
(0.0, 0.0)
(0.0, 0.0)
(0.0, 0.0)
(0.0, 0.0)
(0.0, 0.0)
(0.0, 0.0)
(0.0, 0.0)
(0.0, 0.0)
(0.0, 0.0)
(0.0, 0.0)
(0.0, 0.0)
(0.0, 0.0)
(0.0, 0.0)
(0.0, 0.0)
(0.0, 0.0)
(0.0, 0.0)
(0.0, 0.0)
(0.0, 0.0)
(0.0, 0.0)
(0.0, 0.0)
(0.0, 0.0)
(0.0, 0.0)
(0.0, 0.0)
(0.0, 0.0)
(0.0, 0.0)
(0.0, 0.0)
(0.0, 0.0)
(0.0, 0.0)
(0.0, 0.0)
(0.0, 0.0)
(0.0, 0.0)
(0.0, 0.0)
(0.0, 0.0)
(0.0, 0.0)
(0.0, 0.0)
(0.0, 0.0)
(0.0, 0.0)
(0.0, 0.0)
(0.0, 0.0)
(0.0, 0.0)
(0.0, 0.0)
(0.0, 0.0)
(0.0, 0.0)
(0.0, 0.0)
(0.0, 0.0)
(0.0, 0.0)
(0.0, 0.0)
(0.0, 0.0)
(0.0, 0.0)
(0.0, 0.0)
(0.0, 0.0)
(0.0, 0.0)
(0.0, 0.0)
(0.0, 0.0)
(0.0, 0.0)
(0.0, 0.0)
(0.0, 0.0)
(0.0, 0.0)
(0.0, 0.0)
(0.0, 0.0)
(0.0, 0.0)
(0.0, 0.0)
(0.0, 0.0)
(0.0, 0.0)
(0.0, 0.0)
(0.0, 0.0)
(0.0, 0.0)
(0.0, 0.0)
(0.0, 0.0)
(0.0, 0.0)
(0.0, 0.0)
(0.0, 0.0)
(0.0, 0.0)
(0.0, 0.0)
(0.0, 0.0)
(0.0, 0.0)
(0.0, 0.0)
(0.0, 0.0)
(0.0, 0.0)
(0.0, 0.0)
(0.0, 0.0)
(0.0, 0.0)
(0.0, 0.0)
(0.0, 0.0)
(0.0, 0.0)
(0.0, 0.0)
(0.0, 0.0)
(0.0, 0.0)
(0.0, 0.0)
(0.0, 0.0)
(0.0, 0.0)
(0.0, 0.0)
(0.0, 0.0)
(0.0, 0.0)
(0.0, 0.0)
(0.0, 0.0)
(0.0, 0.0)
(0.0, 0.0)
(0.0, 0.0)
(0.0, 0.0)
(0.0, 0.0)
(0.0, 0.0)
(0.0, 0.0)
(0.0, 0.0)
(0.0, 0.0)
(0.0, 0.0)
(0.0, 0.0)
(0.0, 0.0)
(0.0, 0.0)
(0.0, 0.0)
(0.0, 0.0)
(0.10000000149011612, 0.0010000000149011613)
(0.0, 0.0010000000149011613)
(0.10000000149011612, 0.0020000000298023225)
(0.0, 0.0020000000298023225)
(0.09000000171363354, 0.0029000000469386576)
(0.0, 0.0029000000469386576)
(0.09000000171363354, 0.003800000064074993)
(0.0, 0.003800000064074993)
(0.09000000171363354, 0.004700000081211329)
(0.0, 0.004700000081211329)
(0.0, 0.004700000081211329)
(0.0, 0.004700000081211329)
(0.10000000149011612, 0.00570000009611249)
(0.0, 0.00570000009611249)
(0.0, 0.00570000009611249)
(0.0, 0.00570000009611249)
(0.10000000149011612, 0.006700000111013651)
(0.0, 0.006700000111013651)
(0.0, 0.006700000111013651)
(0.10000000149011612, 0.007700000125914812)
(0.09000000171363354, 0.008600000143051147)
(0.09000000171363354, 0.009500000160187483)
(0.10000000149011612, 0.010500000175088644)
(0.09000000171363354, 0.01140000019222498)
(0.10000000149011612, 0.01240000020712614)
(0.0, 0.01240000020712614)
(0.0, 0.01240000020712614)
(0.0, 0.01240000020712614)
(0.0, 0.01240000020712614)
(0.09000000171363354, 0.013300000224262476)
(0.0, 0.013300000224262476)
(0.0, 0.013300000224262476)
(0.0, 0.013300000224262476)
(0.0, 0.013300000224262476)
(0.0, 0.013300000224262476)
(0.0, 0.013300000224262476)
(0.0, 0.013300000224262476)
(0.0, 0.013300000224262476)
(0.0, 0.013300000224262476)
(0.0, 0.013300000224262476)
(0.0, 0.013300000224262476)
(0.09000000171363354, 0.014200000241398811)
(0.0, 0.014200000241398811)
(0.10000000149011612, 0.015200000256299973)
(0.09000000171363354, 0.016100000273436308)
(0.0, 0.016100000273436308)
(0.0, 0.016100000273436308)
(0.0, 0.016100000273436308)
(0.0, 0.016100000273436308)
(0.0, 0.016100000273436308)
(0.0, 0.016100000273436308)
(0.0, 0.016100000273436308)
(0.0, 0.016100000273436308)
(0.0, 0.016100000273436308)
(0.0, 0.016100000273436308)
(0.0, 0.016100000273436308)
(0.0, 0.016100000273436308)
(0.0, 0.016100000273436308)
(0.0, 0.016100000273436308)
(0.0, 0.016100000273436308)
(0.0, 0.016100000273436308)
(0.0, 0.016100000273436308)
(0.0, 0.016100000273436308)
(0.0, 0.016100000273436308)
(0.0, 0.016100000273436308)
(0.0, 0.016100000273436308)
(0.0, 0.016100000273436308)
(0.0, 0.016100000273436308)
(0.0, 0.016100000273436308)
(0.0, 0.016100000273436308)
(0.0, 0.016100000273436308)
(0.0, 0.016100000273436308)
(0.0, 0.016100000273436308)
(0.0, 0.016100000273436308)
(0.0, 0.016100000273436308)
(0.0, 0.016100000273436308)
(0.0, 0.016100000273436308)
(0.0, 0.016100000273436308)
(0.0, 0.016100000273436308)
(0.0, 0.016100000273436308)
(0.0, 0.016100000273436308)
(0.0, 0.016100000273436308)
(0.0, 0.016100000273436308)
(0.0, 0.016100000273436308)
(0.0, 0.016100000273436308)
(0.0, 0.016100000273436308)
(0.0, 0.016100000273436308)
(0.0, 0.016100000273436308)
(0.0, 0.016100000273436308)
(0.0, 0.016100000273436308)
(0.0, 0.016100000273436308)
(0.0, 0.016100000273436308)
(0.0, 0.016100000273436308)
(0.0, 0.016100000273436308)
(0.0, 0.016100000273436308)
(0.0, 0.016100000273436308)
(0.0, 0.016100000273436308)
(0.0, 0.016100000273436308)
(0.0, 0.016100000273436308)
(0.0, 0.016100000273436308)
(0.0, 0.015100000258535147)
(0.0, 0.015100000258535147)
(0.0, 0.014100000243633986)
(0.0, 0.014100000243633986)
(0.0, 0.01320000022649765)
(0.0, 0.01320000022649765)
(0.0, 0.012300000209361315)
(0.0, 0.012300000209361315)
(0.0, 0.01140000019222498)
(0.0, 0.01140000019222498)
(0.0, 0.01140000019222498)
(0.0, 0.01140000019222498)
(0.0, 0.010400000177323818)
(0.0, 0.010400000177323818)
(0.0, 0.010400000177323818)
(0.0, 0.010400000177323818)
(0.0, 0.009400000162422657)
(0.0, 0.009400000162422657)
(0.0, 0.009400000162422657)
(0.0, 0.008400000147521496)
(0.0, 0.007500000130385161)
(0.0, 0.006600000113248825)
(0.0, 0.005600000098347664)
(0.0, 0.004700000081211329)
(0.0, 0.003700000066310167)
(0.0, 0.003700000066310167)
(0.0, 0.003700000066310167)
(0.0, 0.003700000066310167)
(0.0, 0.003700000066310167)
(0.0, 0.002800000049173832)
(0.0, 0.002800000049173832)
(0.0, 0.002800000049173832)
(0.0, 0.002800000049173832)
(0.0, 0.002800000049173832)
(0.0, 0.002800000049173832)
(0.0, 0.002800000049173832)
(0.0, 0.002800000049173832)
(0.0, 0.002800000049173832)
(0.0, 0.002800000049173832)
(0.0, 0.002800000049173832)
(0.0, 0.002800000049173832)
(0.0, 0.0019000000320374966)
(0.0, 0.0019000000320374966)
(0.0, 0.0009000000171363354)
(0.0, 0.0)
(0.0, 0.0)
(0.0, 0.0)
(0.0, 0.0)
(0.0, 0.0)
(0.0, 0.0)
(0.0, 0.0)
(0.0, 0.0)
(0.0, 0.0)
(0.0, 0.0)
(0.0, 0.0)
(0.0, 0.0)
(0.0, 0.0)
(0.0, 0.0)
(0.0, 0.0)
(0.0, 0.0)
(0.0, 0.0)
(0.0, 0.0)
(0.0, 0.0)
(0.0, 0.0)
(0.0, 0.0)
(0.0, 0.0)
(0.0, 0.0)
(0.0, 0.0)
(0.0, 0.0)
(0.0, 0.0)
(0.0, 0.0)
(0.0, 0.0)
(0.0, 0.0)
(0.0, 0.0)
(0.0, 0.0)
(0.0, 0.0)
(0.0, 0.0)
(0.0, 0.0)
(0.0, 0.0)
(0.0, 0.0)
(0.0, 0.0)
(0.0, 0.0)
(0.0, 0.0)
(0.0, 0.0)
(0.0, 0.0)
(0.0, 0.0)
(0.0, 0.0)
(0.0, 0.0)
(0.0, 0.0)
(0.0, 0.0)
(0.0, 0.0)
(0.0, 0.0)
(0.0, 0.0)
(0.0, 0.0)
(0.0, 0.0)
(0.0, 0.0)
(0.0, 0.0)
(0.0, 0.0)
(0.0, 0.0)
(0.0, 0.0)
(0.0, 0.0)
(0.0, 0.0)
(0.0, 0.0)
(0.0, 0.0)
(0.0, 0.0)
(0.0, 0.0)
(0.0, 0.0)
(0.0, 0.0)
(0.0, 0.0)
(0.0, 0.0)
(0.0, 0.0)
(0.0, 0.0)
(0.0, 0.0)
(0.0, 0.0)
(0.0, 0.0)
(0.0, 0.0)
(0.0, 0.0)
(0.0, 0.0)
(0.0, 0.0)
(0.0, 0.0)
(0.0, 0.0)
(0.0, 0.0)
(0.0, 0.0)
(0.0, 0.0)
(0.0, 0.0)
(0.0, 0.0)
(0.0, 0.0)
(0.0, 0.0)
(0.0, 0.0)
(0.0, 0.0)
(0.0, 0.0)
(0.0, 0.0)
(0.0, 0.0)
(0.0, 0.0)
(0.0, 0.0)
(0.0, 0.0)
(0.0, 0.0)
(0.0, 0.0)
(0.0, 0.0)
(0.0, 0.0)
(0.0, 0.0)
(0.0, 0.0)
(0.0, 0.0)
(0.0, 0.0)
(0.0, 0.0)
(0.0, 0.0)
(0.0, 0.0)
(0.0, 0.0)
(0.0, 0.0)
(0.0, 0.0)
(0.0, 0.0)
(0.0, 0.0)
(0.0, 0.0)
(0.0, 0.0)
(0.0, 0.0)
(0.0, 0.0)
(0.4000000059604645, 0.004000000059604645)
(0.0, 0.004000000059604645)
(0.10000000149011612, 0.005000000074505806)
(0.0, 0.005000000074505806)
(0.0, 0.005000000074505806)
(0.0, 0.005000000074505806)
(0.0, 0.005000000074505806)
(0.0, 0.005000000074505806)
(0.0, 0.005000000074505806)
(0.0, 0.005000000074505806)
(0.0, 0.005000000074505806)
(0.0, 0.005000000074505806)
(0.0, 0.005000000074505806)
(0.0, 0.005000000074505806)
(0.0, 0.005000000074505806)
(0.0, 0.005000000074505806)
(0.0, 0.005000000074505806)
(0.0, 0.005000000074505806)
(0.0, 0.005000000074505806)
(0.0, 0.005000000074505806)
(0.0, 0.005000000074505806)
(0.0, 0.005000000074505806)
(0.0, 0.005000000074505806)
(0.0, 0.005000000074505806)
(0.10000000149011612, 0.006000000089406967)
(0.0, 0.006000000089406967)
(0.0, 0.006000000089406967)
(0.10000000149011612, 0.007000000104308128)
(0.10000000149011612, 0.00800000011920929)
(0.10000000149011612, 0.009000000134110451)
(0.10000000149011612, 0.010000000149011612)
(0.10000000149011612, 0.011000000163912773)
(0.10000000149011612, 0.012000000178813934)
(0.0, 0.012000000178813934)
(0.0, 0.012000000178813934)
(0.0, 0.012000000178813934)
(0.10000000149011612, 0.013000000193715095)
(0.10000000149011612, 0.014000000208616257)
(0.10000000149011612, 0.015000000223517418)
(0.10000000149011612, 0.01600000023841858)
(0.10000000149011612, 0.01700000025331974)
(0.10000000149011612, 0.018000000268220902)
(0.09000000171363354, 0.018900000285357238)
(0.09000000171363354, 0.019800000302493573)
(0.10000000149011612, 0.020800000317394735)
(0.10000000149011612, 0.021800000332295896)
(0.10000000149011612, 0.022800000347197057)
(0.10000000149011612, 0.023800000362098218)
(0.10000000149011612, 0.02480000037699938)
(0.10000000149011612, 0.02580000039190054)
(0.10000000149011612, 0.0268000004068017)
(0.10000000149011612, 0.027800000421702862)
(0.10000000149011612, 0.028800000436604023)
(0.09000000171363354, 0.02970000045374036)
(0.09000000171363354, 0.030600000470876694)
(0.10000000149011612, 0.03160000048577785)
(0.10000000149011612, 0.032600000500679016)
(0.10000000149011612, 0.03360000051558018)
(0.10000000149011612, 0.03460000053048134)
(0.09000000171363354, 0.03550000054761768)
(0.09000000171363354, 0.03640000056475401)
(0.10000000149011612, 0.037400000579655174)
(0.10000000149011612, 0.03840000059455633)
(0.10000000149011612, 0.039400000609457496)
(0.10000000149011612, 0.04040000062435865)
(0.10000000149011612, 0.04140000063925982)
(0.10000000149011612, 0.042400000654160976)
(0.10000000149011612, 0.04340000066906214)
(0.10000000149011612, 0.0444000006839633)
(0.10000000149011612, 0.04540000069886446)
(0.10000000149011612, 0.04640000071376562)
(0.10000000149011612, 0.047400000728666784)
(0.10000000149011612, 0.04840000074356794)
(0.10000000149011612, 0.049400000758469106)
(0.0, 0.049400000758469106)
(0.10000000149011612, 0.050400000773370264)
(0.10000000149011612, 0.05140000078827143)
(0.10000000149011612, 0.052400000803172586)
(0.10000000149011612, 0.05340000081807375)
(0.10000000149011612, 0.05440000083297491)
(0.10000000149011612, 0.05540000084787607)
(0.10000000149011612, 0.05640000086277723)
(0.10000000149011612, 0.057400000877678395)
(0.0, 0.057400000877678395)
(0.10000000149011612, 0.05840000089257955)
(0.10000000149011612, 0.05940000090748072)
(0.10000000149011612, 0.060400000922381875)
(0.10000000149011612, 0.06140000093728304)
(0.10000000149011612, 0.062400000952184204)
(0.10000000149011612, 0.06340000096708537)
(0.10000000149011612, 0.06440000098198652)
(0.10000000149011612, 0.06540000099688768)
(0.10000000149011612, 0.06640000101178885)
(0.10000000149011612, 0.06740000102669001)
(0.0, 0.06740000102669001)
(0.0, 0.06740000102669001)
(0.0, 0.06740000102669001)
(0.0, 0.06740000102669001)
(0.0, 0.06740000102669001)
(0.0, 0.06740000102669001)
(0.0, 0.06340000096708537)
(0.10000000149011612, 0.06440000098198652)
(0.0, 0.06340000096708537)
(0.0, 0.06340000096708537)
(0.0, 0.06340000096708537)
(0.0, 0.06340000096708537)
(0.10000000149011612, 0.06440000098198652)
(0.0, 0.06440000098198652)
(0.0, 0.06440000098198652)
(0.0, 0.06440000098198652)
(0.0, 0.06440000098198652)
(0.10000000149011612, 0.06540000099688768)
(0.0, 0.06540000099688768)
(0.0, 0.06540000099688768)
(0.10000000149011612, 0.06640000101178885)
(0.0, 0.06640000101178885)
(0.0, 0.06640000101178885)
(0.10000000149011612, 0.06740000102669001)
(0.10000000149011612, 0.06840000104159116)
(0.10000000149011612, 0.06940000105649233)
(0.10000000149011612, 0.07040000107139349)
(0.10000000149011612, 0.07140000108629466)
(0.0, 0.07140000108629466)
(0.0, 0.07140000108629466)
(0.0, 0.07040000107139349)
(0.0, 0.07040000107139349)
(0.0, 0.07040000107139349)
(0.0, 0.06940000105649233)
(0.0, 0.06840000104159116)
(0.0, 0.06740000102669001)
(0.0, 0.06640000101178885)
(0.0, 0.06540000099688768)
(0.0, 0.06440000098198652)
(0.0, 0.06440000098198652)
(0.0, 0.06440000098198652)
(0.0, 0.06440000098198652)
(0.10000000149011612, 0.06440000098198652)
(0.0, 0.06340000096708537)
(0.0, 0.062400000952184204)
(0.0, 0.06140000093728304)
(0.0, 0.060400000922381875)
(0.09000000171363354, 0.06030000092461705)
(0.10000000149011612, 0.060400000922381875)
(0.0, 0.05950000090524554)
(0.0, 0.05850000089034438)
(0.10000000149011612, 0.05850000089034438)
(0.0, 0.05750000087544322)
(0.10000000149011612, 0.05750000087544322)
(0.0, 0.056500000860542056)
(0.10000000149011612, 0.056500000860542056)
(0.0, 0.0555000008456409)
(0.0, 0.054500000830739734)
(0.09000000171363354, 0.05440000083297491)
(0.10000000149011612, 0.054500000830739734)
(0.09000000171363354, 0.054500000830739734)
(0.0, 0.053500000815838576)
(0.0, 0.05250000080093741)
(0.10000000149011612, 0.05250000080093741)
(0.10000000149011612, 0.05250000080093741)
(0.09000000171363354, 0.05250000080093741)
(0.0, 0.05160000078380108)
(0.0, 0.050600000768899915)
(0.09000000171363354, 0.05050000077113509)
(0.09000000171363354, 0.050400000773370264)
(0.10000000149011612, 0.050400000773370264)
(0.0, 0.049400000758469106)
(0.10000000149011612, 0.049400000758469106)
(0.0, 0.04840000074356794)
(0.0, 0.047400000728666784)
(0.09000000171363354, 0.04730000073090196)
(0.09000000171363354, 0.04720000073313713)
(0.0, 0.04620000071823597)
(0.0, 0.04520000070333481)
(0.0, 0.04420000068843365)
(0.09000000171363354, 0.045100000705569986)
(0.09000000171363354, 0.04500000070780516)
(0.0, 0.044000000692903996)
(0.10000000149011612, 0.044000000692903996)
(0.10000000149011612, 0.044000000692903996)
(0.10000000149011612, 0.044000000692903996)
(0.10000000149011612, 0.044000000692903996)
(0.09000000171363354, 0.04390000069513917)
(0.10000000149011612, 0.04390000069513917)
(0.0, 0.04390000069513917)
(0.0, 0.042900000680238005)
(0.10000000149011612, 0.042900000680238005)
(0.0, 0.04190000066533685)
(0.0, 0.04090000065043568)
(0.0, 0.039900000635534526)
(0.10000000149011612, 0.039900000635534526)
(0.0, 0.03890000062063336)
(0.10000000149011612, 0.03890000062063336)
(0.09000000171363354, 0.038800000622868536)
(0.0, 0.03780000060796738)
(0.10000000149011612, 0.038800000622868536)
(0.19000000320374966, 0.04070000065490603)
(0.09000000171363354, 0.04160000067204237)
(0.10000000149011612, 0.04260000068694353)
(0.10000000149011612, 0.04360000070184469)
(0.10000000149011612, 0.04460000071674585)
(0.10000000149011612, 0.045600000731647015)
(0.10000000149011612, 0.045600000731647015)
(0.10000000149011612, 0.04660000074654817)
(0.30000000447034836, 0.04960000079125166)
(0.09000000171363354, 0.05050000080838799)
(0.10000000149011612, 0.051500000823289156)
(0.10000000149011612, 0.051500000823289156)
(0.10000000149011612, 0.052500000838190314)
(0.10000000149011612, 0.05350000085309148)
(0.10000000149011612, 0.05450000086799264)
(0.10000000149011612, 0.0555000008828938)
(0.10000000149011612, 0.0555000008828938)
(0.10000000149011612, 0.056500000897794965)
(0.10000000149011612, 0.05750000091269612)
(0.10000000149011612, 0.05750000091269612)
(0.10000000149011612, 0.05850000092759729)
(0.10000000149011612, 0.059500000942498445)
(0.10000000149011612, 0.059500000942498445)
(0.09000000171363354, 0.05940000094473362)
(0.09000000171363354, 0.059300000946968794)
(0.10000000149011612, 0.059300000946968794)
(0.10000000149011612, 0.059300000946968794)
(0.10000000149011612, 0.06030000096186996)
(0.10000000149011612, 0.061300000976771116)
(0.10000000149011612, 0.06230000099167228)
(0.10000000149011612, 0.06330000100657344)
(0.09000000171363354, 0.06420000102370978)
(0.09000000171363354, 0.06510000104084611)
(0.10000000149011612, 0.06610000105574727)
(0.10000000149011612, 0.06710000107064844)
(0.10000000149011612, 0.06810000108554959)
(0.10000000149011612, 0.06910000110045075)
(0.09000000171363354, 0.07000000111758709)
(0.10000000149011612, 0.07100000113248825)
(0.09000000171363354, 0.07190000114962458)
(0.10000000149011612, 0.07290000116452575)
(0.10000000149011612, 0.07290000116452575)
(0.10000000149011612, 0.07390000117942691)
(0.10000000149011612, 0.07490000119432808)
(0.10000000149011612, 0.07590000120922923)
(0.10000000149011612, 0.07690000122413039)
(0.10000000149011612, 0.07700000122189522)
(0.0, 0.07600000120699406)
(0.10000000149011612, 0.07700000122189522)
(0.10000000149011612, 0.07800000123679637)
(0.10000000149011612, 0.07800000123679637)
(0.0, 0.07800000123679637)
(0.09000000171363354, 0.07790000123903155)
(0.0, 0.07790000123903155)
(0.0, 0.07690000122413039)
(0.09000000171363354, 0.07780000124126672)
(0.0, 0.07780000124126672)
(0.10000000149011612, 0.07790000123903155)
(0.0, 0.07690000122413039)
(0.09000000171363354, 0.07690000122413039)
(0.0, 0.07690000122413039)
(0.09000000171363354, 0.07780000124126672)
(0.10000000149011612, 0.07780000124126672)
(0.09000000171363354, 0.0777000012435019)
(0.0, 0.07680000122636557)
(0.10000000149011612, 0.07780000124126672)
(0.10000000149011612, 0.07880000125616789)
(0.0, 0.07790000123903155)
(0.0, 0.07700000122189522)
(0.10000000149011612, 0.07700000122189522)
(0.09000000171363354, 0.07790000123903155)
(0.0, 0.07690000122413039)
(0.0, 0.07690000122413039)
(0.09000000171363354, 0.07780000124126672)
(0.10000000149011612, 0.07790000123903155)
(0.09000000171363354, 0.07790000123903155)
(0.10000000149011612, 0.07890000125393272)
(0.10000000149011612, 0.07990000126883387)
(0.10000000149011612, 0.08090000128373503)
(0.10000000149011612, 0.08100000128149987)
(0.0, 0.08010000126436352)
(0.09000000171363354, 0.08100000128149987)
(0.0, 0.0800000012665987)
(0.0, 0.07900000125169754)
(0.09000000171363354, 0.07890000125393272)
(0.0, 0.07790000123903155)
(0.0, 0.07700000122189522)
(0.09000000171363354, 0.07690000122413039)
(0.09000000171363354, 0.07780000124126672)
(0.10000000149011612, 0.07880000125616789)
(0.0, 0.07780000124126672)
(0.09000000171363354, 0.07870000125840307)
(0.10000000149011612, 0.07970000127330422)
(0.09000000171363354, 0.08060000129044056)
(0.0, 0.0796000012755394)
(0.10000000149011612, 0.08060000129044056)
(0.10000000149011612, 0.08060000129044056)
(0.09000000171363354, 0.08060000129044056)
(0.09000000171363354, 0.0815000013075769)
(0.09000000171363354, 0.08140000130981206)
(0.0, 0.07950000127777457)
(0.0, 0.07860000126063824)
(0.09000000171363354, 0.07850000126287342)
(0.10000000149011612, 0.07850000126287342)
(0.09000000171363354, 0.07840000126510858)
(0.10000000149011612, 0.07840000126510858)
(0.10000000149011612, 0.07840000126510858)
(0.0, 0.07740000125020742)
(0.09000000171363354, 0.07530000122264027)
(0.09000000171363354, 0.07530000122264027)
(0.0, 0.07430000120773911)
(0.0, 0.07330000119283796)
(0.10000000149011612, 0.07330000119283796)
(0.10000000149011612, 0.07330000119283796)
(0.0, 0.07230000117793679)
(0.10000000149011612, 0.07230000117793679)
(0.10000000149011612, 0.07230000117793679)
(0.10000000149011612, 0.07230000117793679)
(0.10000000149011612, 0.07230000117793679)
(0.09000000171363354, 0.07220000118017196)
(0.0, 0.07120000116527081)
(0.10000000149011612, 0.07120000116527081)
(0.09000000171363354, 0.07110000116750598)
(0.0, 0.07020000115036965)
(0.0, 0.06930000113323331)
(0.10000000149011612, 0.06930000113323331)
(0.09000000171363354, 0.06920000113546848)
(0.10000000149011612, 0.06920000113546848)
(0.09000000171363354, 0.06910000113770366)
(0.0, 0.0681000011228025)
(0.0, 0.06710000110790133)
(0.10000000149011612, 0.06720000110566617)
(0.09000000171363354, 0.06720000110566617)
(0.09000000171363354, 0.06710000110790133)
(0.09000000171363354, 0.06700000111013651)
(0.09000000171363354, 0.06690000111237168)
(0.09000000171363354, 0.06680000111460686)
(0.09000000171363354, 0.06680000111460686)
(0.10000000149011612, 0.06680000111460686)
(0.0, 0.06590000109747052)
(0.09000000171363354, 0.0658000010997057)
(0.10000000149011612, 0.0658000010997057)
(0.10000000149011612, 0.0658000010997057)
(0.10000000149011612, 0.0658000010997057)
(0.09000000171363354, 0.06570000110194087)
(0.10000000149011612, 0.06570000110194087)
(0.10000000149011612, 0.06570000110194087)
(0.10000000149011612, 0.06670000111684203)
(0.09000000171363354, 0.06660000111907721)
(0.10000000149011612, 0.06660000111907721)
(0.10000000149011612, 0.06660000111907721)
(0.0, 0.06660000111907721)
(0.09000000171363354, 0.06660000111907721)
(0.09000000171363354, 0.06750000113621354)
(0.0, 0.06750000113621354)
(0.10000000149011612, 0.06760000113397836)
(0.10000000149011612, 0.06860000114887953)
(0.09000000171363354, 0.06850000115111471)
(0.10000000149011612, 0.06950000116601586)
(0.10000000149011612, 0.06960000116378069)
(0.10000000149011612, 0.07060000117868186)
(0.09000000171363354, 0.07060000117868186)
(0.10000000149011612, 0.07060000117868186)
(0.09000000171363354, 0.07060000117868186)
(0.09000000171363354, 0.07150000119581819)
(0.10000000149011612, 0.07150000119581819)
(0.09000000171363354, 0.07140000119805336)
(0.10000000149011612, 0.07240000121295452)
(0.10000000149011612, 0.07340000122785569)
(0.10000000149011612, 0.07340000122785569)
(0.09000000171363354, 0.07340000122785569)
(0.10000000149011612, 0.07440000124275685)
(0.10000000149011612, 0.075400001257658)
(0.09000000171363354, 0.075400001257658)
(0.10000000149011612, 0.075400001257658)
(0.10000000149011612, 0.07550000125542283)
(0.10000000149011612, 0.07550000125542283)
(0.09000000171363354, 0.075400001257658)
(0.10000000149011612, 0.075400001257658)
(0.10000000149011612, 0.075400001257658)
(0.10000000149011612, 0.07640000127255916)
(0.20000000298023224, 0.07750000128522515)
(0.20000000298023224, 0.07950000131502748)
(0.10000000149011612, 0.08050000132992864)
(1.8000000268220901, 0.0976000015810132)
(0.10000000149011612, 0.09860000159591437)
(0.10000000149011612, 0.09960000161081553)
(0.30000000447034836, 0.10170000163838268)
(0.09000000171363354, 0.10170000163838268)
(0.10000000149011612, 0.10170000163838268)
(0.10000000149011612, 0.10270000165328383)
(0.6000000089406967, 0.10780000172555447)
(0.20000000298023224, 0.10880000174045562)
(0.10000000149011612, 0.10890000173822045)
(0.09000000171363354, 0.10980000175535679)
(0.10000000149011612, 0.10980000175535679)
(0.10000000149011612, 0.10980000175535679)
(0.10000000149011612, 0.10990000175312162)
(0.10000000149011612, 0.11000000175088644)
(0.10000000149011612, 0.11010000174865127)
(0.10000000149011612, 0.11110000176355243)
(0.10000000149011612, 0.11210000177845358)
(0.10000000149011612, 0.11220000177621842)
(0.10000000149011612, 0.11220000177621842)
(0.10000000149011612, 0.11230000177398324)
(0.10000000149011612, 0.11230000177398324)
(0.09000000171363354, 0.11220000177621842)
(0.10000000149011612, 0.11320000179111958)
(0.10000000149011612, 0.1133000017888844)
(0.10000000149011612, 0.11340000178664923)
(0.10000000149011612, 0.11440000180155038)
(0.30000000447034836, 0.11740000184625388)
(0.10000000149011612, 0.11740000184625388)
(0.10000000149011612, 0.11740000184625388)
(0.10000000149011612, 0.11840000186115503)
(0.7000000104308128, 0.124400001950562)
(0.10000000149011612, 0.124400001950562)
(0.09000000171363354, 0.12430000195279717)
(0.09000000171363354, 0.12420000195503235)
(0.09000000171363354, 0.12420000195503235)
(0.10000000149011612, 0.1252000019699335)
(0.10000000149011612, 0.1252000019699335)
(0.09000000171363354, 0.1252000019699335)
(0.09000000171363354, 0.12610000198706983)
(0.09000000171363354, 0.1270000020042062)
(0.09000000171363354, 0.12690000200644136)
(0.09000000171363354, 0.12690000200644136)
(0.09000000171363354, 0.12680000200867653)
(0.09000000171363354, 0.12680000200867653)
(0.09000000171363354, 0.12770000202581286)
(0.10000000149011612, 0.12870000204071402)
(0.09000000171363354, 0.1286000020429492)
(0.10000000149011612, 0.12870000204071402)
(0.10000000149011612, 0.12880000203847886)
(0.09000000171363354, 0.12880000203847886)
(0.09000000171363354, 0.12880000203847886)
(0.09000000171363354, 0.12880000203847886)
(0.09000000171363354, 0.12880000203847886)
(0.10000000149011612, 0.12880000203847886)
(0.09000000171363354, 0.1297000020556152)
(0.10000000149011612, 0.12980000205338002)
(0.10000000149011612, 0.12980000205338002)
(0.10000000149011612, 0.12980000205338002)
(0.10000000149011612, 0.12980000205338002)
(0.09000000171363354, 0.12980000205338002)
(0.10000000149011612, 0.12980000205338002)
(0.10000000149011612, 0.12980000205338002)
(0.10000000149011612, 0.12980000205338002)
(0.10000000149011612, 0.12990000205114483)
(0.10000000149011612, 0.12990000205114483)
(0.09000000171363354, 0.12980000205338002)
(0.09000000171363354, 0.13070000207051635)
(0.09000000171363354, 0.13070000207051635)
(0.09000000171363354, 0.13070000207051635)
(0.09000000171363354, 0.13160000208765268)
(0.10000000149011612, 0.13160000208765268)
(0.09000000171363354, 0.13150000208988785)
(0.09000000171363354, 0.13150000208988785)
(0.10000000149011612, 0.13150000208988785)
(0.09000000171363354, 0.13140000209212302)
(0.10000000149011612, 0.13140000209212302)
(0.09000000171363354, 0.13140000209212302)
(0.10000000149011612, 0.13140000209212302)
(0.09000000171363354, 0.13140000209212302)
(0.10000000149011612, 0.13150000208988785)
(0.10000000149011612, 0.13150000208988785)
(0.10000000149011612, 0.13160000208765268)
(0.10000000149011612, 0.13160000208765268)
(0.10000000149011612, 0.13160000208765268)
(0.10000000149011612, 0.13160000208765268)
(0.09000000171363354, 0.13160000208765268)
(0.10000000149011612, 0.13160000208765268)
(0.09000000171363354, 0.13150000208988785)
(0.10000000149011612, 0.13160000208765268)
(0.09000000171363354, 0.13150000208988785)
(0.10000000149011612, 0.13150000208988785)
(0.09000000171363354, 0.13140000209212302)
(0.09000000171363354, 0.13140000209212302)
(0.09000000171363354, 0.13130000209435821)
(0.10000000149011612, 0.13130000209435821)
(0.10000000149011612, 0.13130000209435821)
(0.10000000149011612, 0.13030000207945705)
(0.09000000171363354, 0.12920000206679105)
(0.10000000149011612, 0.12920000206679105)
(0.10000000149011612, 0.11220000181347131)
(0.09000000171363354, 0.1121000018157065)
(0.10000000149011612, 0.1121000018157065)
(0.09000000171363354, 0.11000000178813935)
(0.09000000171363354, 0.11000000178813935)
(0.10000000149011612, 0.11000000178813935)
(0.10000000149011612, 0.11000000178813935)
(0.10000000149011612, 0.10500000171363354)
(0.09000000171363354, 0.10390000170096755)
(0.09000000171363354, 0.10380000170320272)
(0.10000000149011612, 0.10390000170096755)
(0.10000000149011612, 0.10390000170096755)
(0.10000000149011612, 0.10390000170096755)
(0.09000000171363354, 0.10380000170320272)
(0.09000000171363354, 0.1037000017054379)
(0.10000000149011612, 0.1037000017054379)
(0.10000000149011612, 0.1037000017054379)
(0.10000000149011612, 0.1037000017054379)
(0.10000000149011612, 0.1037000017054379)
(0.10000000149011612, 0.1037000017054379)
(0.10000000149011612, 0.1037000017054379)
(0.10000000149011612, 0.1037000017054379)
(0.09000000171363354, 0.1037000017054379)
(0.09000000171363354, 0.10360000170767307)
(0.10000000149011612, 0.10360000170767307)
(0.10000000149011612, 0.10360000170767307)
(0.09000000171363354, 0.10350000170990825)
(0.10000000149011612, 0.10150000168010592)
(0.09000000171363354, 0.1014000016823411)
(0.09000000171363354, 0.10130000168457627)
(0.10000000149011612, 0.10130000168457627)
(0.09000000171363354, 0.09520000159740448)
(0.09000000171363354, 0.09510000159963966)
(0.09000000171363354, 0.09510000159963966)
(0.10000000149011612, 0.09520000159740448)
(0.09000000171363354, 0.09520000159740448)
(0.10000000149011612, 0.09520000159740448)
(0.09000000171363354, 0.09510000159963966)
(0.09000000171363354, 0.09510000159963966)
(0.10000000149011612, 0.09520000159740448)
(0.09000000171363354, 0.09520000159740448)
(0.09000000171363354, 0.09520000159740448)
(0.10000000149011612, 0.09530000159516931)
(0.10000000149011612, 0.09540000159293413)
(0.09000000171363354, 0.09540000159293413)
(0.10000000149011612, 0.09550000159069896)
(0.09000000171363354, 0.09540000159293413)
(0.10000000149011612, 0.09550000159069896)
(0.09000000171363354, 0.09540000159293413)
(0.09000000171363354, 0.09530000159516931)
(0.10000000149011612, 0.09540000159293413)
(0.10000000149011612, 0.09550000159069896)
(0.10000000149011612, 0.09560000158846378)
(0.10000000149011612, 0.09570000158622861)
(0.09000000171363354, 0.09560000158846378)
(0.10000000149011612, 0.09570000158622861)
(0.09000000171363354, 0.09560000158846378)
(0.10000000149011612, 0.09560000158846378)
(0.09000000171363354, 0.09550000159069896)
(0.10000000149011612, 0.09550000159069896)
(0.10000000149011612, 0.09560000158846378)
(0.10000000149011612, 0.09560000158846378)
(0.09000000171363354, 0.09550000159069896)
(0.10000000149011612, 0.09550000159069896)
(0.10000000149011612, 0.09550000159069896)
(0.10000000149011612, 0.09550000159069896)
(0.09000000171363354, 0.09550000159069896)
(0.10000000149011612, 0.09560000158846378)
(0.10000000149011612, 0.09570000158622861)
(0.09000000171363354, 0.09570000158622861)
(0.09000000171363354, 0.09570000158622861)
(0.09000000171363354, 0.09560000158846378)
(0.09000000171363354, 0.09560000158846378)
(0.09000000171363354, 0.09560000158846378)
(0.09000000171363354, 0.09550000159069896)
(0.0, 0.09460000157356262)
(0.10000000149011612, 0.09460000157356262)
(0.09000000171363354, 0.09460000157356262)
(0.09000000171363354, 0.0945000015757978)
(0.10000000149011612, 0.09460000157356262)
(0.10000000149011612, 0.09460000157356262)
(0.10000000149011612, 0.09460000157356262)
(0.09000000171363354, 0.0945000015757978)
(0.09000000171363354, 0.09440000157803297)
(0.09000000171363354, 0.09430000158026815)
(0.10000000149011612, 0.09430000158026815)
(0.10000000149011612, 0.09440000157803297)
(0.10000000149011612, 0.09440000157803297)
(0.10000000149011612, 0.0945000015757978)
(0.09000000171363354, 0.09440000157803297)
(0.10000000149011612, 0.0945000015757978)
(0.10000000149011612, 0.0945000015757978)
(0.10000000149011612, 0.09460000157356262)
(0.09000000171363354, 0.09460000157356262)
(0.09000000171363354, 0.09460000157356262)
(0.10000000149011612, 0.09460000157356262)
(0.10000000149011612, 0.09460000157356262)
(0.10000000149011612, 0.09460000157356262)
(0.10000000149011612, 0.09470000157132745)
(0.09000000171363354, 0.09460000157356262)
(0.09000000171363354, 0.0945000015757978)
(0.10000000149011612, 0.09460000157356262)
(0.10000000149011612, 0.09460000157356262)
(0.09000000171363354, 0.09460000157356262)
(0.10000000149011612, 0.09470000157132745)
(0.09000000171363354, 0.09460000157356262)
(0.09000000171363354, 0.0945000015757978)
(0.10000000149011612, 0.0945000015757978)
(0.09000000171363354, 0.0945000015757978)
(0.10000000149011612, 0.09460000157356262)
(0.10000000149011612, 0.09460000157356262)
(0.09000000171363354, 0.0945000015757978)
(0.09000000171363354, 0.09440000157803297)
(0.09000000171363354, 0.09440000157803297)
(0.10000000149011612, 0.0945000015757978)
(0.09000000171363354, 0.09440000157803297)
(0.10000000149011612, 0.09440000157803297)
(0.09000000171363354, 0.09430000158026815)
(0.09000000171363354, 0.09420000158250331)
(0.09000000171363354, 0.0941000015847385)
(0.09000000171363354, 0.09400000158697366)
(0.10000000149011612, 0.09400000158697366)
(0.10000000149011612, 0.0941000015847385)
(0.10000000149011612, 0.09420000158250331)
(0.09000000171363354, 0.0941000015847385)
(0.09000000171363354, 0.09400000158697366)
(0.09000000171363354, 0.09400000158697366)
(0.10000000149011612, 0.09400000158697366)
(0.10000000149011612, 0.0941000015847385)
(0.09000000171363354, 0.0941000015847385)
(0.09000000171363354, 0.09400000158697366)
(0.09000000171363354, 0.09400000158697366)
(0.10000000149011612, 0.0941000015847385)
(0.10000000149011612, 0.09420000158250331)
(0.10000000149011612, 0.09420000158250331)
(0.10000000149011612, 0.09430000158026815)
(0.09000000171363354, 0.09420000158250331)
(0.10000000149011612, 0.09430000158026815)
(0.09000000171363354, 0.09430000158026815)
(0.09000000171363354, 0.09420000158250331)
(0.09000000171363354, 0.09420000158250331)
(0.09000000171363354, 0.09420000158250331)
(0.09000000171363354, 0.0941000015847385)
(0.09000000171363354, 0.09400000158697366)
(0.10000000149011612, 0.0941000015847385)
(0.10000000149011612, 0.0941000015847385)
(0.09000000171363354, 0.0941000015847385)
(0.10000000149011612, 0.0941000015847385)
(0.10000000149011612, 0.09420000158250331)
(0.0, 0.09330000156536698)
(0.10000000149011612, 0.09330000156536698)
(0.10000000149011612, 0.09330000156536698)
(0.10000000149011612, 0.09330000156536698)
(0.09000000171363354, 0.09320000156760216)
(0.09000000171363354, 0.09320000156760216)
(0.10000000149011612, 0.09320000156760216)
(0.10000000149011612, 0.09330000156536698)
(0.09000000171363354, 0.09320000156760216)
(0.09000000171363354, 0.09320000156760216)
(0.09000000171363354, 0.09310000156983733)
(0.10000000149011612, 0.09310000156983733)
(0.09000000171363354, 0.0930000015720725)
(0.0, 0.09210000155493617)
(0.10000000149011612, 0.09210000155493617)
(0.09000000171363354, 0.09200000155717135)
(0.10000000149011612, 0.09200000155717135)
(0.10000000149011612, 0.09210000155493617)
(0.10000000149011612, 0.09210000155493617)
(0.09000000171363354, 0.09200000155717135)
(0.09000000171363354, 0.09200000155717135)
(0.10000000149011612, 0.09210000155493617)
(0.10000000149011612, 0.092200001552701)
(0.10000000149011612, 0.09230000155046582)
(0.09000000171363354, 0.09230000155046582)
(0.0, 0.09140000153332949)
(0.09000000171363354, 0.09230000155046582)
(0.09000000171363354, 0.092200001552701)
(0.10000000149011612, 0.09230000155046582)
(0.09000000171363354, 0.09230000155046582)
(0.10000000149011612, 0.09230000155046582)
(0.10000000149011612, 0.09230000155046582)
(0.09000000171363354, 0.092200001552701)
(0.10000000149011612, 0.09230000155046582)
(0.10000000149011612, 0.09240000154823065)
(0.09000000171363354, 0.09240000154823065)
(0.09000000171363354, 0.09230000155046582)
(0.09000000171363354, 0.092200001552701)
(0.10000000149011612, 0.092200001552701)
(0.09000000171363354, 0.09210000155493617)
(0.09000000171363354, 0.09210000155493617)
(0.09000000171363354, 0.09200000155717135)
(0.09000000171363354, 0.09190000155940652)
(0.10000000149011612, 0.09190000155940652)
(0.10000000149011612, 0.09200000155717135)
(0.09000000171363354, 0.09200000155717135)
(0.10000000149011612, 0.09200000155717135)
(0.10000000149011612, 0.09200000155717135)
(0.09000000171363354, 0.09190000155940652)
(0.10000000149011612, 0.09190000155940652)
(0.09000000171363354, 0.09190000155940652)
(0.10000000149011612, 0.09200000155717135)
(0.10000000149011612, 0.09200000155717135)
(0.09000000171363354, 0.09190000155940652)
(0.09000000171363354, 0.09190000155940652)
(0.10000000149011612, 0.09190000155940652)
(0.09000000171363354, 0.09190000155940652)
(0.09000000171363354, 0.09190000155940652)
(0.10000000149011612, 0.09190000155940652)
(0.10000000149011612, 0.09200000155717135)
(0.10000000149011612, 0.09200000155717135)
(0.10000000149011612, 0.09200000155717135)
(0.09000000171363354, 0.09200000155717135)
(0.09000000171363354, 0.09200000155717135)
(0.09000000171363354, 0.09200000155717135)
(0.09000000171363354, 0.09190000155940652)
(0.10000000149011612, 0.09200000155717135)
(0.10000000149011612, 0.09200000155717135)
(0.10000000149011612, 0.09210000155493617)
(0.09000000171363354, 0.09210000155493617)
(0.10000000149011612, 0.092200001552701)
(0.10000000149011612, 0.09230000155046582)
(0.10000000149011612, 0.09230000155046582)
(0.10000000149011612, 0.09230000155046582)
(0.10000000149011612, 0.09230000155046582)
(0.10000000149011612, 0.09240000154823065)
(0.09000000171363354, 0.09240000154823065)
(0.10000000149011612, 0.09250000154599547)
(0.09000000171363354, 0.09240000154823065)
(0.10000000149011612, 0.09240000154823065)
(0.09000000171363354, 0.09240000154823065)
(0.10000000149011612, 0.09250000154599547)
(0.09000000171363354, 0.09250000154599547)
(0.09000000171363354, 0.09240000154823065)
(0.10000000149011612, 0.09240000154823065)
(0.09000000171363354, 0.09230000155046582)
(0.10000000149011612, 0.09230000155046582)
(0.09000000171363354, 0.09230000155046582)
(0.10000000149011612, 0.09230000155046582)
(0.10000000149011612, 0.09240000154823065)
(0.10000000149011612, 0.09250000154599547)
(0.09000000171363354, 0.09250000154599547)
(0.09000000171363354, 0.09250000154599547)
(0.10000000149011612, 0.0926000015437603)
(0.09000000171363354, 0.0926000015437603)
(0.09000000171363354, 0.09250000154599547)
(0.10000000149011612, 0.09250000154599547)
(0.10000000149011612, 0.0926000015437603)
(0.09000000171363354, 0.09250000154599547)
(0.10000000149011612, 0.09250000154599547)
(0.10000000149011612, 0.09350000156089663)
(0.10000000149011612, 0.09350000156089663)
(0.10000000149011612, 0.09350000156089663)
(0.10000000149011612, 0.09350000156089663)
(0.10000000149011612, 0.09360000155866147)
(0.09000000171363354, 0.09360000155866147)
(0.09000000171363354, 0.09350000156089663)
(0.10000000149011612, 0.09350000156089663)
(0.09000000171363354, 0.09350000156089663)
(0.09000000171363354, 0.09350000156089663)
(0.09000000171363354, 0.09350000156089663)
(0.10000000149011612, 0.09350000156089663)
(0.09000000171363354, 0.09350000156089663)
(0.10000000149011612, 0.0945000015757978)
(0.10000000149011612, 0.0945000015757978)
(0.09000000171363354, 0.0945000015757978)
(0.09000000171363354, 0.09440000157803297)
(0.10000000149011612, 0.09440000157803297)
(0.10000000149011612, 0.09440000157803297)
(0.10000000149011612, 0.0945000015757978)
(0.09000000171363354, 0.0945000015757978)
(0.10000000149011612, 0.0945000015757978)
(0.09000000171363354, 0.09440000157803297)
(0.10000000149011612, 0.09440000157803297)
(0.09000000171363354, 0.09440000157803297)
(0.09000000171363354, 0.09530000159516931)
(0.09000000171363354, 0.09530000159516931)
(0.09000000171363354, 0.09530000159516931)
(0.09000000171363354, 0.09520000159740448)
(0.09000000171363354, 0.09520000159740448)
(0.09000000171363354, 0.09510000159963966)
(0.10000000149011612, 0.09510000159963966)
(0.10000000149011612, 0.09520000159740448)
(0.10000000149011612, 0.09520000159740448)
(0.10000000149011612, 0.09520000159740448)
(0.09000000171363354, 0.09520000159740448)
(0.09000000171363354, 0.09520000159740448)
(0.10000000149011612, 0.09530000159516931)
(0.09000000171363354, 0.09520000159740448)
(0.09000000171363354, 0.09520000159740448)
(0.10000000149011612, 0.09530000159516931)
(0.10000000149011612, 0.09540000159293413)
(0.10000000149011612, 0.09550000159069896)
(0.10000000149011612, 0.09550000159069896)
(0.10000000149011612, 0.09550000159069896)
(0.10000000149011612, 0.09560000158846378)
(0.10000000149011612, 0.09560000158846378)
(0.10000000149011612, 0.09560000158846378)
(0.10000000149011612, 0.09570000158622861)
(0.10000000149011612, 0.09570000158622861)
(0.10000000149011612, 0.09580000158399343)
(0.10000000149011612, 0.09580000158399343)
(0.10000000149011612, 0.09580000158399343)
(0.20000000298023224, 0.09690000159665942)
(0.20000000298023224, 0.09800000160932541)
(0.30000000447034836, 0.10000000163912773)
(0.10000000149011612, 0.10010000163689256)
(0.10000000149011612, 0.10020000163465738)
(0.30000000447034836, 0.10220000166445971)
(0.10000000149011612, 0.10220000166445971)
(0.10000000149011612, 0.10220000166445971)
(0.30000000447034836, 0.10420000169426202)
(0.10000000149011612, 0.10430000169202686)
(0.10000000149011612, 0.10440000168979167)
(0.20000000298023224, 0.10550000170245767)
(0.10000000149011612, 0.10560000170022249)
(0.10000000149011612, 0.10560000170022249)
(0.10000000149011612, 0.10560000170022249)
(0.10000000149011612, 0.10560000170022249)
(0.10000000149011612, 0.10570000169798732)
(0.30000000447034836, 0.10770000172778964)
(0.10000000149011612, 0.10770000172778964)
(0.10000000149011612, 0.10770000172778964)
(0.10000000149011612, 0.10770000172778964)
(0.10000000149011612, 0.10770000172778964)
(0.10000000149011612, 0.10770000172778964)
(0.09000000171363354, 0.10770000172778964)
(0.10000000149011612, 0.10770000172778964)
(0.10000000149011612, 0.10780000172555447)
(0.10000000149011612, 0.10780000172555447)
(0.20000000298023224, 0.10890000173822045)
(0.09000000171363354, 0.10880000174045562)
(0.10000000149011612, 0.10890000173822045)
(0.10000000149011612, 0.10900000173598529)
(0.20000000298023224, 0.11000000175088644)
(0.10000000149011612, 0.11010000174865127)
(0.10000000149011612, 0.11010000174865127)
(0.10000000149011612, 0.11020000174641609)
(0.20000000298023224, 0.11120000176131725)
(0.10000000149011612, 0.11120000176131725)
(0.20000000298023224, 0.11220000177621842)
(0.10000000149011612, 0.11230000177398324)
(0.10000000149011612, 0.11240000177174807)
(0.10000000149011612, 0.11240000177174807)
(0.10000000149011612, 0.11250000176951289)
(0.09000000171363354, 0.11250000176951289)
(0.10000000149011612, 0.11250000176951289)
(0.09000000171363354, 0.11240000177174807)
(0.10000000149011612, 0.11250000176951289)
(0.10000000149011612, 0.11250000176951289)
(0.10000000149011612, 0.11250000176951289)
(0.09000000171363354, 0.11240000177174807)
(0.10000000149011612, 0.11240000177174807)
(0.10000000149011612, 0.11240000177174807)
(0.10000000149011612, 0.11240000177174807)
(0.10000000149011612, 0.11250000176951289)
(0.10000000149011612, 0.11260000176727772)
(0.10000000149011612, 0.11260000176727772)
(0.10000000149011612, 0.11270000176504254)
(0.10000000149011612, 0.11280000176280737)
(0.10000000149011612, 0.11290000176057219)
(0.10000000149011612, 0.11290000176057219)
(0.10000000149011612, 0.11300000175833702)
(0.10000000149011612, 0.11300000175833702)
(0.20000000298023224, 0.11400000177323819)
(0.10000000149011612, 0.114100001771003)
(0.10000000149011612, 0.11420000176876784)
(0.10000000149011612, 0.11420000176876784)
(0.10000000149011612, 0.11420000176876784)
(0.10000000149011612, 0.11420000176876784)
(0.09000000171363354, 0.11420000176876784)
(0.10000000149011612, 0.11420000176876784)
(0.10000000149011612, 0.11430000176653266)
(0.10000000149011612, 0.11430000176653266)
(0.09000000171363354, 0.11430000176653266)
(0.10000000149011612, 0.11440000176429749)
(0.10000000149011612, 0.1145000017620623)
(0.09000000171363354, 0.1145000017620623)
(0.10000000149011612, 0.11460000175982714)
(0.10000000149011612, 0.11470000175759196)
(0.10000000149011612, 0.11480000175535679)
(0.10000000149011612, 0.11480000175535679)
(0.10000000149011612, 0.11480000175535679)
(0.10000000149011612, 0.11480000175535679)
(0.20000000298023224, 0.11580000177025795)
(0.10000000149011612, 0.11590000176802277)
(0.10000000149011612, 0.1160000017657876)
(0.10000000149011612, 0.1160000017657876)
(0.10000000149011612, 0.11610000176355242)
(0.10000000149011612, 0.11620000176131726)
(0.10000000149011612, 0.11620000176131726)
(0.10000000149011612, 0.11620000176131726)
(0.09000000171363354, 0.11610000176355242)
(0.10000000149011612, 0.11610000176355242)
(0.10000000149011612, 0.11610000176355242)
(0.10000000149011612, 0.11610000176355242)
(0.10000000149011612, 0.11610000176355242)
(0.09000000171363354, 0.1160000017657876)
(0.10000000149011612, 0.1160000017657876)
(0.10000000149011612, 0.1160000017657876)
(0.09000000171363354, 0.11590000176802277)
(0.10000000149011612, 0.11590000176802277)
(0.09000000171363354, 0.11580000177025795)
(0.10000000149011612, 0.11480000175535679)
(0.10000000149011612, 0.11380000174045563)
(0.09000000171363354, 0.11170000171288848)
(0.10000000149011612, 0.11170000171288848)
(0.09000000171363354, 0.11160000171512366)
(0.09000000171363354, 0.10950000168755651)
(0.09000000171363354, 0.10940000168979168)
(0.10000000149011612, 0.10940000168979168)
(0.10000000149011612, 0.10740000165998936)
(0.10000000149011612, 0.10740000165998936)
(0.10000000149011612, 0.10740000165998936)
(0.10000000149011612, 0.1064000016450882)
(0.10000000149011612, 0.1064000016450882)
(0.10000000149011612, 0.1064000016450882)
(0.10000000149011612, 0.1064000016450882)
(0.10000000149011612, 0.1064000016450882)
(0.10000000149011612, 0.1064000016450882)
(0.10000000149011612, 0.10440000161528587)
(0.10000000149011612, 0.10440000161528587)
(0.9000000134110451, 0.11240000173449516)
(0.09000000171363354, 0.11230000173673034)
(0.09000000171363354, 0.11220000173896551)
(0.09000000171363354, 0.11210000174120069)
(0.10000000149011612, 0.11220000173896551)
(0.09000000171363354, 0.11210000174120069)
(0.10000000149011612, 0.11210000174120069)
(0.10000000149011612, 0.11210000174120069)
(0.10000000149011612, 0.11110000172629952)
(0.10000000149011612, 0.11120000172406436)
(0.10000000149011612, 0.11120000172406436)
(0.09000000171363354, 0.11110000172629952)
(0.10000000149011612, 0.11010000171139836)
(0.10000000149011612, 0.11010000171139836)
(0.10000000149011612, 0.11010000171139836)
(0.10000000149011612, 0.11010000171139836)
(0.10000000149011612, 0.1091000016964972)
(0.10000000149011612, 0.1091000016964972)
(0.10000000149011612, 0.10810000168159604)
(0.10000000149011612, 0.10810000168159604)
(0.10000000149011612, 0.10810000168159604)
(0.10000000149011612, 0.10810000168159604)
(0.10000000149011612, 0.10810000168159604)
(0.10000000149011612, 0.10820000167936086)
(0.10000000149011612, 0.10820000167936086)
(0.10000000149011612, 0.1083000016771257)
(0.10000000149011612, 0.1083000016771257)
(0.10000000149011612, 0.1083000016771257)
(0.10000000149011612, 0.1083000016771257)
(0.10000000149011612, 0.10840000167489051)
(0.09000000171363354, 0.1083000016771257)
(0.10000000149011612, 0.1083000016771257)
(0.09000000171363354, 0.10820000167936086)
(0.10000000149011612, 0.10820000167936086)
(0.10000000149011612, 0.10820000167936086)
(0.10000000149011612, 0.10820000167936086)
(0.10000000149011612, 0.10820000167936086)
(0.09000000171363354, 0.10810000168159604)
(0.10000000149011612, 0.10810000168159604)
(0.10000000149011612, 0.10810000168159604)
(0.10000000149011612, 0.10810000168159604)
(0.09000000171363354, 0.10800000168383121)
(0.10000000149011612, 0.10700000166893005)
(0.09000000171363354, 0.10690000167116523)
(0.10000000149011612, 0.10690000167116523)
(0.10000000149011612, 0.10690000167116523)
(0.10000000149011612, 0.10690000167116523)
(0.10000000149011612, 0.10690000167116523)
(0.10000000149011612, 0.10700000166893005)
(0.10000000149011612, 0.10700000166893005)
(0.10000000149011612, 0.10700000166893005)
(0.19000000320374966, 0.1079000016860664)
(0.09000000171363354, 0.1079000016860664)
(0.20000000298023224, 0.10890000170096754)
(0.10000000149011612, 0.10890000170096754)
(0.19000000320374966, 0.10990000171586871)
(0.10000000149011612, 0.10990000171586871)
(0.10000000149011612, 0.10990000171586871)
(0.09000000171363354, 0.10980000171810389)
(0.10000000149011612, 0.10980000171810389)
(0.20000000298023224, 0.11080000173300504)
(0.09000000171363354, 0.11070000173524022)
(0.19000000320374966, 0.11060000173747539)
(0.10000000149011612, 0.11060000173747539)
(0.09000000171363354, 0.11050000173971057)
(0.10000000149011612, 0.11050000173971057)
(0.09000000171363354, 0.11040000174194574)
(0.10000000149011612, 0.11040000174194574)
(0.10000000149011612, 0.11040000174194574)
(0.10000000149011612, 0.11040000174194574)
(0.09000000171363354, 0.11040000174194574)
(0.10000000149011612, 0.11040000174194574)
(0.10000000149011612, 0.11040000174194574)
(0.10000000149011612, 0.11040000174194574)
(0.10000000149011612, 0.11040000174194574)
(0.10000000149011612, 0.11050000173971057)
(0.10000000149011612, 0.11050000173971057)
(0.10000000149011612, 0.11050000173971057)
(0.10000000149011612, 0.11060000173747539)
(0.0, 0.10960000172257424)
(0.09000000171363354, 0.10960000172257424)
(0.10000000149011612, 0.10960000172257424)
(0.10000000149011612, 0.10960000172257424)
(0.10000000149011612, 0.10970000172033906)
(0.10000000149011612, 0.10970000172033906)
(0.10000000149011612, 0.10980000171810389)
(0.10000000149011612, 0.10990000171586871)
(0.10000000149011612, 0.11000000171363354)
(0.10000000149011612, 0.11000000171363354)
(0.10000000149011612, 0.11000000171363354)
(0.09000000171363354, 0.10990000171586871)
(0.0, 0.10890000170096754)
(0.10000000149011612, 0.10890000170096754)
(0.10000000149011612, 0.10890000170096754)
(0.09000000171363354, 0.10880000170320273)
(0.20000000298023224, 0.10980000171810389)
(0.10000000149011612, 0.10980000171810389)
(0.19000000320374966, 0.11070000173524022)
(0.20000000298023224, 0.11170000175014139)
(0.20000000298023224, 0.11270000176504254)
(0.09000000171363354, 0.10460000164806843)
(0.10000000149011612, 0.10470000164583325)
(0.10000000149011612, 0.10480000164359808)
(0.10000000149011612, 0.1049000016413629)
(0.10000000149011612, 0.1049000016413629)
(0.19000000320374966, 0.10590000165626406)
(0.19000000320374966, 0.1068000016734004)
(0.10000000149011612, 0.1068000016734004)
(0.10000000149011612, 0.1068000016734004)
(0.10000000149011612, 0.1068000016734004)
(0.10000000149011612, 0.1068000016734004)
(0.10000000149011612, 0.10690000167116523)
(0.10000000149011612, 0.10690000167116523)
(0.10000000149011612, 0.10690000167116523)
(0.20000000298023224, 0.1079000016860664)
(0.10000000149011612, 0.1079000016860664)
(0.10000000149011612, 0.1079000016860664)
(0.10000000149011612, 0.1079000016860664)
(0.10000000149011612, 0.1079000016860664)
(0.19000000320374966, 0.10880000170320273)
(0.10000000149011612, 0.10880000170320273)
(0.19000000320374966, 0.10970000172033906)
(0.10000000149011612, 0.10970000172033906)
(0.10000000149011612, 0.10970000172033906)
(0.20000000298023224, 0.11070000173524022)
(0.10000000149011612, 0.11070000173524022)
(0.10000000149011612, 0.11070000173524022)
(0.10000000149011612, 0.11070000173524022)
(0.10000000149011612, 0.11070000173524022)
(0.20000000298023224, 0.11170000175014139)
(0.10000000149011612, 0.1118000017479062)
(0.20000000298023224, 0.11280000176280737)
(0.10000000149011612, 0.11290000176057219)
(0.20000000298023224, 0.11390000177547335)
(0.10000000149011612, 0.11390000177547335)
(0.19000000320374966, 0.11480000179260968)
(0.20000000298023224, 0.11580000180751085)
(0.20000000298023224, 0.11690000182017685)
(0.10000000149011612, 0.11690000182017685)
(0.10000000149011612, 0.11690000182017685)
(0.10000000149011612, 0.11690000182017685)
(0.19000000320374966, 0.117900001835078)
(0.10000000149011612, 0.117900001835078)
(0.10000000149011612, 0.11800000183284283)
(0.20000000298023224, 0.119000001847744)
(0.19000000320374966, 0.11990000186488033)
(0.10000000149011612, 0.11990000186488033)
(0.09000000171363354, 0.1198000018671155)
(0.19000000320374966, 0.12070000188425184)
(0.20000000298023224, 0.12170000189915299)
(0.20000000298023224, 0.12270000191405415)
(0.09000000171363354, 0.12170000189915299)
(0.19000000320374966, 0.12270000191405415)
(0.10000000149011612, 0.12170000189915299)
(0.10000000149011612, 0.12170000189915299)
(0.20000000298023224, 0.12180000189691782)
(0.10000000149011612, 0.12180000189691782)
(0.19000000320374966, 0.12270000191405415)
(0.09000000171363354, 0.12270000191405415)
(0.10000000149011612, 0.12270000191405415)
(0.10000000149011612, 0.12170000189915299)
(0.10000000149011612, 0.12180000189691782)
(0.10000000149011612, 0.12090000187978149)
(0.10000000149011612, 0.12090000187978149)
