(0.10000000149011612, 0.10000000149011612)
(0.0, 0.05000000074505806)
(0.0, 0.033333333830038704)
(0.0, 0.02500000037252903)
(0.0, 0.020000000298023225)
(0.0, 0.016666666915019352)
(0.0, 0.014285714498588018)
(0.0, 0.012500000186264515)
(0.0, 0.011111111276679568)
(0.0, 0.010000000149011612)
(0.0, 0.009090909226374193)
(0.0, 0.008333333457509676)
(0.0, 0.007692307806932009)
(0.0, 0.007142857249294009)
(0.0, 0.0066666667660077415)
(0.0, 0.0062500000931322575)
(0.0, 0.00588235302883036)
(0.0, 0.005555555638339784)
(0.0, 0.005263157973164006)
(0.0, 0.005000000074505806)
(0.0, 0.004761904832862672)
(0.0, 0.004545454613187097)
(0.0, 0.004347826151744179)
(0.0, 0.004166666728754838)
(0.0, 0.004000000059604645)
(0.0, 0.0038461539034660044)
(0.0, 0.0037037037588931896)
(0.0, 0.0035714286246470044)
(0.0, 0.00344827591345228)
(0.0, 0.0033333333830038708)
(0.0, 0.0032258064996811653)
(0.0, 0.0031250000465661287)
(0.0, 0.003030303075458064)
(0.0, 0.00294117651441518)
(0.0, 0.0028571428997176034)
(0.0, 0.002777777819169892)
(0.0, 0.002702702742976111)
(0.0, 0.002631578986582003)
(0.0, 0.0025641026023106696)
(0.0, 0.002500000037252903)
(0.0, 0.002439024426588198)
(0.0, 0.002380952416431336)
(0.0, 0.0023255814300027003)
(0.0, 0.0022727273065935483)
(0.0, 0.0022222222553359137)
(0.0, 0.0021739130758720894)
(0.0, 0.0021276596061726833)
(0.0, 0.002083333364377419)
(0.0, 0.0020408163569411455)
(0.0, 0.0020000000298023225)
(0.0, 0.0019607843429434533)
(0.0, 0.0019230769517330022)
(0.0, 0.0018867924809455872)
(0.0, 0.0018518518794465948)
(0.0, 0.0018181818452748385)
(0.0, 0.0017857143123235022)
(0.0, 0.0017543859910546687)
(0.0, 0.00172413795672614)
(0.0, 0.0016949152794934936)
(0.0, 0.0016666666915019354)
(0.0, 0.001639344286723215)
(0.0, 0.0016129032498405826)
(0.0, 0.0015873016109542242)
(0.0, 0.0015625000232830644)
(0.0, 0.0015384615613864019)
(0.0, 0.001515151537729032)
(0.0, 0.0014925373356733749)
(0.0, 0.00147058825720759)
(0.0, 0.0014492753839147263)
(0.0, 0.0014285714498588017)
(0.0, 0.001408450725212903)
(0.0, 0.001388888909584946)
(0.0, 0.0013698630341111796)
(0.0, 0.0013513513714880556)
(0.0, 0.0013333333532015482)
(0.0, 0.0013157894932910015)
(0.0, 0.0012987013180534562)
(0.0, 0.0012820513011553348)
(0.0, 0.0012658228036723559)
(0.0, 0.0012500000186264515)
(0.0, 0.0012345679196310631)
(0.0, 0.001219512213294099)
(0.0, 0.00120481929506164)
(0.0, 0.001190476208215668)
(0.0, 0.001176470605766072)
(0.0, 0.0011627907150013501)
(0.0, 0.0011494253044840932)
(0.0, 0.0011363636532967741)
(0.0, 0.0011235955223608553)
(0.0, 0.0011111111276679568)
(0.0, 0.0010989011152760014)
(0.0, 0.0010869565379360447)
(0.0, 0.001075268833227055)
(0.0, 0.0010638298030863416)
(0.0, 0.0010526315946328012)
(0.0, 0.0010416666821887095)
(0.0, 0.0010309278504135682)
(0.0, 0.0010204081784705727)
(0.0, 0.001010101025152688)
(0.0, 0.0010000000149011613)
(0.0, 0.0)
(0.0, 0.0)
(0.0, 0.0)
(0.0, 0.0)
(0.0, 0.0)
(0.0, 0.0)
(0.0, 0.0)
(0.0, 0.0)
(0.0, 0.0)
(0.0, 0.0)
(0.0, 0.0)
(0.0, 0.0)
(0.0, 0.0)
(0.0, 0.0)
(0.0, 0.0)
(0.0, 0.0)
(0.0, 0.0)
(0.0, 0.0)
(0.0, 0.0)
(0.0, 0.0)
(0.0, 0.0)
(0.0, 0.0)
(0.0, 0.0)
(0.0, 0.0)
(0.0, 0.0)
(0.0, 0.0)
(0.0, 0.0)
(0.0, 0.0)
(0.0, 0.0)
(0.0, 0.0)
(0.0, 0.0)
(0.0, 0.0)
(0.0, 0.0)
(0.0, 0.0)
(0.0, 0.0)
(0.0, 0.0)
(0.0, 0.0)
(0.0, 0.0)
(0.0, 0.0)
(0.0, 0.0)
(0.0, 0.0)
(0.0, 0.0)
(0.0, 0.0)
(0.0, 0.0)
(0.0, 0.0)
(0.0, 0.0)
(0.0, 0.0)
(0.0, 0.0)
(0.0, 0.0)
(0.0, 0.0)
(0.0, 0.0)
(0.0, 0.0)
(0.0, 0.0)
(0.0, 0.0)
(0.0, 0.0)
(0.0, 0.0)
(0.0, 0.0)
(0.0, 0.0)
(0.0, 0.0)
(0.0, 0.0)
(0.0, 0.0)
(0.0, 0.0)
(0.0, 0.0)
(0.0, 0.0)
(0.0, 0.0)
(0.0, 0.0)
(0.0, 0.0)
(0.0, 0.0)
(0.0, 0.0)
(0.0, 0.0)
(0.0, 0.0)
(0.0, 0.0)
(0.0, 0.0)
(0.0, 0.0)
(0.0, 0.0)
(0.0, 0.0)
(0.0, 0.0)
(0.0, 0.0)
(0.0, 0.0)
(0.0, 0.0)
(0.0, 0.0)
(0.0, 0.0)
(0.0, 0.0)
(0.0, 0.0)
(0.0, 0.0)
(0.0, 0.0)
(0.0, 0.0)
(0.0, 0.0)
(0.0, 0.0)
(0.0, 0.0)
(0.0, 0.0)
(0.0, 0.0)
(0.0, 0.0)
(0.0, 0.0)
(0.0, 0.0)
(0.0, 0.0)
(0.0, 0.0)
(0.0, 0.0)
(0.0, 0.0)
(0.0, 0.0)
(0.0, 0.0)
(0.0, 0.0)
(0.0, 0.0)
(0.0, 0.0)
(0.0, 0.0)
(0.0, 0.0)
(0.0, 0.0)
(0.0, 0.0)
(0.0, 0.0)
(0.0, 0.0)
(0.0, 0.0)
(0.0, 0.0)
(0.0, 0.0)
(0.0, 0.0)
(0.0, 0.0)
(0.0, 0.0)
(0.0, 0.0)
(0.0, 0.0)
(0.0, 0.0)
(0.0, 0.0)
(0.0, 0.0)
(0.0, 0.0)
(0.0, 0.0)
(0.0, 0.0)
(0.0, 0.0)
(0.0, 0.0)
(0.0, 0.0)
(0.0, 0.0)
(0.0, 0.0)
(0.0, 0.0)
(0.0, 0.0)
(0.0, 0.0)
(0.0, 0.0)
(0.0, 0.0)
(0.0, 0.0)
(0.0, 0.0)
(0.0, 0.0)
(0.0, 0.0)
(0.0, 0.0)
(0.0, 0.0)
(0.0, 0.0)
(0.0, 0.0)
(0.0, 0.0)
(0.0, 0.0)
(0.0, 0.0)
(0.0, 0.0)
(0.0, 0.0)
(0.0, 0.0)
(0.0, 0.0)
(0.0, 0.0)
(0.0, 0.0)
(0.0, 0.0)
(0.0, 0.0)
(0.0, 0.0)
(0.0, 0.0)
(0.0, 0.0)
(0.0, 0.0)
(0.0, 0.0)
(0.0, 0.0)
(0.0, 0.0)
(0.0, 0.0)
(0.0, 0.0)
(0.0, 0.0)
(0.0, 0.0)
(0.0, 0.0)
(0.0, 0.0)
(0.0, 0.0)
(0.0, 0.0)
(0.0, 0.0)
(0.0, 0.0)
(0.0, 0.0)
(0.0, 0.0)
(0.0, 0.0)
(0.0, 0.0)
(0.0, 0.0)
(0.0, 0.0)
(0.0, 0.0)
(0.0, 0.0)
(0.0, 0.0)
(0.0, 0.0)
(0.0, 0.0)
(0.0, 0.0)
(0.0, 0.0)
(0.0, 0.0)
(0.0, 0.0)
(0.0, 0.0)
(0.0, 0.0)
(0.0, 0.0)
(0.0, 0.0)
(0.0, 0.0)
(0.0, 0.0)
(0.0, 0.0)
(0.0, 0.0)
(0.0, 0.0)
(0.0, 0.0)
(0.0, 0.0)
(0.0, 0.0)
(0.0, 0.0)
(0.0, 0.0)
(0.0, 0.0)
(0.0, 0.0)
(0.0, 0.0)
(0.0, 0.0)
(0.0, 0.0)
(0.0, 0.0)
(0.0, 0.0)
(0.0, 0.0)
(0.0, 0.0)
(0.0, 0.0)
(0.0, 0.0)
(0.0, 0.0)
(0.0, 0.0)
(0.0, 0.0)
(0.0, 0.0)
(0.0, 0.0)
(0.0, 0.0)
(0.0, 0.0)
(0.0, 0.0)
(0.0, 0.0)
(0.0, 0.0)
(0.0, 0.0)
(0.0, 0.0)
(0.0, 0.0)
(0.0, 0.0)
(0.0, 0.0)
(0.0, 0.0)
(0.0, 0.0)
(0.0, 0.0)
(0.0, 0.0)
(0.0, 0.0)
(0.0, 0.0)
(0.0, 0.0)
(0.0, 0.0)
(0.0, 0.0)
(0.0, 0.0)
(0.0, 0.0)
(0.0, 0.0)
(0.0, 0.0)
(0.0, 0.0)
(0.0, 0.0)
(0.0, 0.0)
(0.0, 0.0)
(0.0, 0.0)
(0.0, 0.0)
(0.0, 0.0)
(0.0, 0.0)
(0.0, 0.0)
(0.0, 0.0)
(0.0, 0.0)
(0.0, 0.0)
(0.0, 0.0)
(0.0, 0.0)
(0.0, 0.0)
(0.0, 0.0)
(0.0, 0.0)
(0.0, 0.0)
(0.0, 0.0)
(0.0, 0.0)
(0.0, 0.0)
(0.0, 0.0)
(0.0, 0.0)
(0.0, 0.0)
(0.0, 0.0)
(0.0, 0.0)
(0.0, 0.0)
(0.0, 0.0)
(0.0, 0.0)
(0.0, 0.0)
(0.0, 0.0)
(0.0, 0.0)
(0.0, 0.0)
(0.0, 0.0)
(0.0, 0.0)
(0.0, 0.0)
(0.0, 0.0)
(0.0, 0.0)
(0.0, 0.0)
(0.0, 0.0)
(0.0, 0.0)
(0.0, 0.0)
(0.0, 0.0)
(0.0, 0.0)
(0.0, 0.0)
(0.0, 0.0)
(0.0, 0.0)
(0.0, 0.0)
(0.0, 0.0)
(0.0, 0.0)
(0.0, 0.0)
(0.0, 0.0)
(0.0, 0.0)
(0.0, 0.0)
(0.0, 0.0)
(0.0, 0.0)
(0.0, 0.0)
(0.0, 0.0)
(0.0, 0.0)
(0.0, 0.0)
(0.0, 0.0)
(0.0, 0.0)
(0.0, 0.0)
(0.0, 0.0)
(0.0, 0.0)
(0.0, 0.0)
(0.0, 0.0)
(0.0, 0.0)
(0.0, 0.0)
(0.0, 0.0)
(0.0, 0.0)
(0.0, 0.0)
(0.0, 0.0)
(0.0, 0.0)
(0.0, 0.0)
(0.0, 0.0)
(0.0, 0.0)
(0.0, 0.0)
(0.0, 0.0)
(0.0, 0.0)
(0.0, 0.0)
(0.0, 0.0)
(0.0, 0.0)
(0.0, 0.0)
(0.0, 0.0)
(0.0, 0.0)
(0.0, 0.0)
(0.0, 0.0)
(0.0, 0.0)
(0.0, 0.0)
(0.0, 0.0)
(0.0, 0.0)
(0.0, 0.0)
(0.0, 0.0)
(0.0, 0.0)
(0.0, 0.0)
(0.0, 0.0)
(0.0, 0.0)
(0.0, 0.0)
(0.0, 0.0)
(0.0, 0.0)
(0.0, 0.0)
(0.0, 0.0)
(0.0, 0.0)
(0.0, 0.0)
(0.0, 0.0)
(0.0, 0.0)
(0.0, 0.0)
(0.0, 0.0)
(0.0, 0.0)
(0.0, 0.0)
(0.0, 0.0)
(0.0, 0.0)
(0.0, 0.0)
(0.0, 0.0)
(0.0, 0.0)
(0.0, 0.0)
(0.0, 0.0)
(0.0, 0.0)
(0.0, 0.0)
(0.0, 0.0)
(0.0, 0.0)
(0.0, 0.0)
(0.0, 0.0)
(0.0, 0.0)
(0.0, 0.0)
(0.0, 0.0)
(0.0, 0.0)
(0.0, 0.0)
(0.0, 0.0)
(0.0, 0.0)
(0.0, 0.0)
(0.0, 0.0)
(0.0, 0.0)
(0.0, 0.0)
(0.0, 0.0)
(0.0, 0.0)
(0.0, 0.0)
(0.0, 0.0)
(0.0, 0.0)
(0.0, 0.0)
(0.0, 0.0)
(0.0, 0.0)
(0.0, 0.0)
(0.0, 0.0)
(0.0, 0.0)
(0.0, 0.0)
(0.0, 0.0)
(0.0, 0.0)
(0.0, 0.0)
(0.0, 0.0)
(0.0, 0.0)
(0.0, 0.0)
(0.0, 0.0)
(0.0, 0.0)
(0.0, 0.0)
(0.0, 0.0)
(0.0, 0.0)
(0.0, 0.0)
(0.0, 0.0)
(0.0, 0.0)
(0.0, 0.0)
(0.0, 0.0)
(0.0, 0.0)
(0.0, 0.0)
(0.0, 0.0)
(0.0, 0.0)
(0.0, 0.0)
(0.0, 0.0)
(0.0, 0.0)
(0.0, 0.0)
(0.0, 0.0)
(0.0, 0.0)
(0.0, 0.0)
(0.0, 0.0)
(0.0, 0.0)
(0.10000000149011612, 0.0010000000149011613)
(0.0, 0.0010000000149011613)
(0.0, 0.0010000000149011613)
(0.0, 0.0010000000149011613)
(0.0, 0.0010000000149011613)
(0.0, 0.0010000000149011613)
(0.0, 0.0010000000149011613)
(0.0, 0.0010000000149011613)
(0.0, 0.0010000000149011613)
(0.0, 0.0010000000149011613)
(0.0, 0.0010000000149011613)
(0.0, 0.0010000000149011613)
(0.0, 0.0010000000149011613)
(0.0, 0.0010000000149011613)
(0.0, 0.0010000000149011613)
(0.0, 0.0010000000149011613)
(0.0, 0.0010000000149011613)
(0.0, 0.0010000000149011613)
(0.0, 0.0010000000149011613)
(0.0, 0.0010000000149011613)
(0.0, 0.0010000000149011613)
(0.0, 0.0010000000149011613)
(0.0, 0.0010000000149011613)
(0.0, 0.0010000000149011613)
(0.0, 0.0010000000149011613)
(0.0, 0.0010000000149011613)
(0.0, 0.0010000000149011613)
(0.0, 0.0010000000149011613)
(0.0, 0.0010000000149011613)
(0.0, 0.0010000000149011613)
(0.0, 0.0010000000149011613)
(0.0, 0.0010000000149011613)
(0.0, 0.0010000000149011613)
(0.0, 0.0010000000149011613)
(0.0, 0.0010000000149011613)
(0.0, 0.0010000000149011613)
(0.0, 0.0010000000149011613)
(0.0, 0.0010000000149011613)
(0.0, 0.0010000000149011613)
(0.0, 0.0010000000149011613)
(0.0, 0.0010000000149011613)
(0.0, 0.0010000000149011613)
(0.0, 0.0010000000149011613)
(0.0, 0.0010000000149011613)
(0.0, 0.0010000000149011613)
(0.0, 0.0010000000149011613)
(0.0, 0.0010000000149011613)
(0.0, 0.0010000000149011613)
(0.0, 0.0010000000149011613)
(0.0, 0.0010000000149011613)
(0.0, 0.0010000000149011613)
(0.0, 0.0010000000149011613)
(0.0, 0.0010000000149011613)
(0.0, 0.0010000000149011613)
(0.0, 0.0010000000149011613)
(0.0, 0.0010000000149011613)
(0.0, 0.0010000000149011613)
(0.0, 0.0010000000149011613)
(0.0, 0.0010000000149011613)
(0.0, 0.0010000000149011613)
(0.0, 0.0010000000149011613)
(0.09000000171363354, 0.0019000000320374966)
(0.0, 0.0019000000320374966)
(0.10000000149011612, 0.0029000000469386576)
(0.0, 0.0029000000469386576)
(0.0, 0.0029000000469386576)
(0.0, 0.0029000000469386576)
(0.0, 0.0029000000469386576)
(0.0, 0.0029000000469386576)
(0.0, 0.0029000000469386576)
(0.0, 0.0029000000469386576)
(0.0, 0.0029000000469386576)
(0.0, 0.0029000000469386576)
(0.0, 0.0029000000469386576)
(0.0, 0.0029000000469386576)
(0.0, 0.0029000000469386576)
(0.0, 0.0029000000469386576)
(0.0, 0.0029000000469386576)
(0.0, 0.0029000000469386576)
(0.0, 0.0029000000469386576)
(0.0, 0.0029000000469386576)
(0.0, 0.0029000000469386576)
(0.0, 0.0029000000469386576)
(0.0, 0.0029000000469386576)
(0.0, 0.0029000000469386576)
(0.0, 0.0029000000469386576)
(0.0, 0.0029000000469386576)
(0.0, 0.0029000000469386576)
(0.0, 0.0029000000469386576)
(0.0, 0.0029000000469386576)
(0.0, 0.0029000000469386576)
(0.0, 0.0029000000469386576)
(0.0, 0.0029000000469386576)
(0.0, 0.0029000000469386576)
(0.0, 0.0029000000469386576)
(0.0, 0.0029000000469386576)
(0.0, 0.0029000000469386576)
(0.0, 0.0029000000469386576)
(0.0, 0.0029000000469386576)
(0.0, 0.0029000000469386576)
(0.0, 0.0019000000320374966)
(0.0, 0.0019000000320374966)
(0.0, 0.0019000000320374966)
(0.0, 0.0019000000320374966)
(0.0, 0.0019000000320374966)
(0.0, 0.0019000000320374966)
(0.0, 0.0019000000320374966)
(0.0, 0.0019000000320374966)
(0.0, 0.0019000000320374966)
(0.0, 0.0019000000320374966)
(0.0, 0.0019000000320374966)
(0.0, 0.0019000000320374966)
(0.0, 0.0019000000320374966)
(0.0, 0.0019000000320374966)
(0.0, 0.0019000000320374966)
(0.0, 0.0019000000320374966)
(0.0, 0.0019000000320374966)
(0.0, 0.0019000000320374966)
(0.0, 0.0019000000320374966)
(0.0, 0.0019000000320374966)
(0.0, 0.0019000000320374966)
(0.0, 0.0019000000320374966)
(0.0, 0.0019000000320374966)
(0.0, 0.0019000000320374966)
(0.0, 0.0019000000320374966)
(0.0, 0.0019000000320374966)
(0.0, 0.0019000000320374966)
(0.0, 0.0019000000320374966)
(0.0, 0.0019000000320374966)
(0.0, 0.0019000000320374966)
(0.0, 0.0019000000320374966)
(0.0, 0.0019000000320374966)
(0.0, 0.0019000000320374966)
(0.0, 0.0019000000320374966)
(0.0, 0.0019000000320374966)
(0.0, 0.0019000000320374966)
(0.0, 0.0019000000320374966)
(0.0, 0.0019000000320374966)
(0.0, 0.0019000000320374966)
(0.0, 0.0019000000320374966)
(0.0, 0.0019000000320374966)
(0.0, 0.0019000000320374966)
(0.0, 0.0019000000320374966)
(0.0, 0.0019000000320374966)
(0.0, 0.0019000000320374966)
(0.0, 0.0019000000320374966)
(0.0, 0.0019000000320374966)
(0.0, 0.0019000000320374966)
(0.0, 0.0019000000320374966)
(0.0, 0.0019000000320374966)
(0.0, 0.0019000000320374966)
(0.0, 0.0019000000320374966)
(0.0, 0.0019000000320374966)
(0.0, 0.0019000000320374966)
(0.0, 0.0019000000320374966)
(0.0, 0.0019000000320374966)
(0.0, 0.0019000000320374966)
(0.0, 0.0019000000320374966)
(0.0, 0.0019000000320374966)
(0.0, 0.0019000000320374966)
(0.0, 0.0019000000320374966)
(0.0, 0.0010000000149011613)
(0.0, 0.0010000000149011613)
(0.0, 0.0)
(0.0, 0.0)
(0.0, 0.0)
(0.0, 0.0)
(0.0, 0.0)
(0.0, 0.0)
(0.0, 0.0)
(0.0, 0.0)
(0.0, 0.0)
(0.0, 0.0)
(0.0, 0.0)
(0.0, 0.0)
(0.0, 0.0)
(0.0, 0.0)
(0.0, 0.0)
(0.0, 0.0)
(0.0, 0.0)
(0.0, 0.0)
(0.0, 0.0)
(0.0, 0.0)
(0.0, 0.0)
(0.0, 0.0)
(0.0, 0.0)
(0.0, 0.0)
(0.0, 0.0)
(0.0, 0.0)
(0.0, 0.0)
(0.0, 0.0)
(0.0, 0.0)
(0.0, 0.0)
(0.0, 0.0)
(0.0, 0.0)
(0.0, 0.0)
(0.0, 0.0)
(0.0, 0.0)
(0.0, 0.0)
(0.0, 0.0)
(0.0, 0.0)
(0.0, 0.0)
(0.0, 0.0)
(0.0, 0.0)
(0.0, 0.0)
(0.0, 0.0)
(0.0, 0.0)
(0.0, 0.0)
(0.0, 0.0)
(0.0, 0.0)
(0.0, 0.0)
(0.0, 0.0)
(0.0, 0.0)
(0.0, 0.0)
(0.0, 0.0)
(0.0, 0.0)
(0.0, 0.0)
(0.0, 0.0)
(0.0, 0.0)
(0.0, 0.0)
(0.0, 0.0)
(0.0, 0.0)
(0.0, 0.0)
(0.0, 0.0)
(0.0, 0.0)
(0.0, 0.0)
(0.0, 0.0)
(0.0, 0.0)
(0.0, 0.0)
(0.0, 0.0)
(0.0, 0.0)
(0.0, 0.0)
(0.0, 0.0)
(0.0, 0.0)
(0.0, 0.0)
(0.0, 0.0)
(0.0, 0.0)
(0.0, 0.0)
(0.0, 0.0)
(0.0, 0.0)
(0.0, 0.0)
(0.0, 0.0)
(0.0, 0.0)
(0.0, 0.0)
(0.0, 0.0)
(0.0, 0.0)
(0.0, 0.0)
(0.0, 0.0)
(0.0, 0.0)
(0.0, 0.0)
(0.0, 0.0)
(0.0, 0.0)
(0.0, 0.0)
(0.0, 0.0)
(0.0, 0.0)
(0.0, 0.0)
(0.0, 0.0)
(0.0, 0.0)
(0.0, 0.0)
(0.0, 0.0)
(0.0, 0.0)
(0.0, 0.0)
(0.0, 0.0)
(0.0, 0.0)
(0.0, 0.0)
(0.0, 0.0)
(0.0, 0.0)
(0.0, 0.0)
(0.0, 0.0)
(0.0, 0.0)
(0.0, 0.0)
(0.0, 0.0)
(0.0, 0.0)
(0.0, 0.0)
(0.0, 0.0)
(0.0, 0.0)
(0.0, 0.0)
(0.0, 0.0)
(0.0, 0.0)
(0.0, 0.0)
(0.0, 0.0)
(0.0, 0.0)
(0.0, 0.0)
(0.0, 0.0)
(0.0, 0.0)
(0.0, 0.0)
(0.0, 0.0)
(0.0, 0.0)
(0.0, 0.0)
(0.0, 0.0)
(0.0, 0.0)
(0.0, 0.0)
(0.0, 0.0)
(0.0, 0.0)
(0.0, 0.0)
(0.0, 0.0)
(0.0, 0.0)
(0.0, 0.0)
(0.0, 0.0)
(0.0, 0.0)
(0.0, 0.0)
(0.0, 0.0)
(0.0, 0.0)
(0.0, 0.0)
(0.0, 0.0)
(0.0, 0.0)
(0.0, 0.0)
(0.0, 0.0)
(0.0, 0.0)
(0.0, 0.0)
(0.0, 0.0)
(0.0, 0.0)
(0.0, 0.0)
(0.0, 0.0)
(0.0, 0.0)
(0.0, 0.0)
(0.0, 0.0)
(0.0, 0.0)
(0.0, 0.0)
(0.0, 0.0)
(0.0, 0.0)
(0.0, 0.0)
(0.0, 0.0)
(0.0, 0.0)
(0.0, 0.0)
(0.0, 0.0)
(0.0, 0.0)
(0.0, 0.0)
(0.0, 0.0)
(0.0, 0.0)
(0.0, 0.0)
(0.0, 0.0)
(0.0, 0.0)
(0.0, 0.0)
(0.0, 0.0)
(0.0, 0.0)
(0.0, 0.0)
(0.0, 0.0)
(0.0, 0.0)
(0.0, 0.0)
(0.0, 0.0)
(0.0, 0.0)
(0.0, 0.0)
(0.0, 0.0)
(0.0, 0.0)
(0.0, 0.0)
(0.0, 0.0)
(0.0, 0.0)
(0.0, 0.0)
(0.0, 0.0)
(0.0, 0.0)
(0.0, 0.0)
(0.0, 0.0)
(0.0, 0.0)
(0.0, 0.0)
(0.0, 0.0)
(0.0, 0.0)
(0.0, 0.0)
(0.0, 0.0)
(0.0, 0.0)
(0.0, 0.0)
(0.0, 0.0)
(0.0, 0.0)
(0.0, 0.0)
(0.0, 0.0)
(0.0, 0.0)
(0.0, 0.0)
(0.0, 0.0)
(0.0, 0.0)
(0.0, 0.0)
(0.0, 0.0)
(0.0, 0.0)
(0.0, 0.0)
(0.0, 0.0)
(0.0, 0.0)
(0.0, 0.0)
(0.0, 0.0)
(0.0, 0.0)
(0.0, 0.0)
(0.0, 0.0)
(0.0, 0.0)
(0.0, 0.0)
(0.0, 0.0)
(0.0, 0.0)
(0.0, 0.0)
(0.0, 0.0)
(0.0, 0.0)
(0.0, 0.0)
(0.0, 0.0)
(0.0, 0.0)
(0.0, 0.0)
(0.0, 0.0)
(0.0, 0.0)
(0.0, 0.0)
(0.0, 0.0)
(0.0, 0.0)
(0.0, 0.0)
(0.0, 0.0)
(0.0, 0.0)
(0.0, 0.0)
(0.0, 0.0)
(0.0, 0.0)
(0.0, 0.0)
(0.0, 0.0)
(0.0, 0.0)
(0.0, 0.0)
(0.0, 0.0)
(0.0, 0.0)
(0.0, 0.0)
(0.0, 0.0)
(0.0, 0.0)
(0.0, 0.0)
(0.0, 0.0)
(0.0, 0.0)
(0.0, 0.0)
(0.0, 0.0)
(0.0, 0.0)
(0.0, 0.0)
(0.0, 0.0)
(0.0, 0.0)
(0.0, 0.0)
(0.0, 0.0)
(0.0, 0.0)
(0.0, 0.0)
(0.0, 0.0)
(0.0, 0.0)
(0.0, 0.0)
(0.0, 0.0)
(0.0, 0.0)
(0.0, 0.0)
(0.0, 0.0)
(0.0, 0.0)
(0.0, 0.0)
(0.0, 0.0)
(0.0, 0.0)
(0.0, 0.0)
(0.0, 0.0)
(0.0, 0.0)
(0.0, 0.0)
(0.0, 0.0)
(0.0, 0.0)
(0.0, 0.0)
(0.0, 0.0)
(0.0, 0.0)
(0.0, 0.0)
(0.0, 0.0)
(0.0, 0.0)
(0.0, 0.0)
(0.0, 0.0)
(0.0, 0.0)
(0.0, 0.0)
(0.0, 0.0)
(0.0, 0.0)
(0.0, 0.0)
(0.0, 0.0)
(0.0, 0.0)
(0.0, 0.0)
(0.0, 0.0)
(0.0, 0.0)
(0.0, 0.0)
(0.0, 0.0)
(0.0, 0.0)
(0.0, 0.0)
(0.0, 0.0)
(0.0, 0.0)
(0.0, 0.0)
(0.0, 0.0)
(0.0, 0.0)
(0.0, 0.0)
(0.0, 0.0)
(0.0, 0.0)
(0.0, 0.0)
(0.0, 0.0)
(0.0, 0.0)
(0.0, 0.0)
(0.0, 0.0)
(0.0, 0.0)
(0.0, 0.0)
(0.0, 0.0)
(0.0, 0.0)
(0.0, 0.0)
(0.0, 0.0)
(0.0, 0.0)
(0.0, 0.0)
(0.0, 0.0)
(0.0, 0.0)
(0.0, 0.0)
(0.0, 0.0)
(0.0, 0.0)
(0.0, 0.0)
(0.0, 0.0)
(0.0, 0.0)
(0.0, 0.0)
(0.0, 0.0)
(0.0, 0.0)
(0.0, 0.0)
(0.0, 0.0)
(0.0, 0.0)
(0.0, 0.0)
(0.0, 0.0)
(0.0, 0.0)
(0.0, 0.0)
(0.0, 0.0)
(0.0, 0.0)
(0.0, 0.0)
(0.0, 0.0)
(0.0, 0.0)
(0.0, 0.0)
(0.0, 0.0)
(0.0, 0.0)
(0.0, 0.0)
(0.0, 0.0)
(0.0, 0.0)
(0.0, 0.0)
(0.0, 0.0)
(0.0, 0.0)
(0.0, 0.0)
(0.0, 0.0)
(0.0, 0.0)
(0.0, 0.0)
(0.0, 0.0)
(0.0, 0.0)
(0.0, 0.0)
(0.0, 0.0)
(0.0, 0.0)
(0.0, 0.0)
(0.0, 0.0)
(0.0, 0.0)
(0.0, 0.0)
(0.0, 0.0)
(0.0, 0.0)
(0.0, 0.0)
(0.0, 0.0)
(0.0, 0.0)
(0.0, 0.0)
(0.0, 0.0)
(0.0, 0.0)
(0.0, 0.0)
(0.0, 0.0)
(0.0, 0.0)
(0.0, 0.0)
(0.0, 0.0)
(0.0, 0.0)
(0.0, 0.0)
(0.0, 0.0)
(0.0, 0.0)
(0.0, 0.0)
(0.0, 0.0)
(0.0, 0.0)
(0.0, 0.0)
(0.0, 0.0)
(0.0, 0.0)
(0.0, 0.0)
(0.0, 0.0)
(0.0, 0.0)
(0.0, 0.0)
(0.0, 0.0)
(0.0, 0.0)
(0.0, 0.0)
(0.0, 0.0)
(0.0, 0.0)
(0.0, 0.0)
(0.0, 0.0)
(0.0, 0.0)
(0.0, 0.0)
(0.0, 0.0)
(0.0, 0.0)
(0.0, 0.0)
(0.0, 0.0)
(0.0, 0.0)
(0.0, 0.0)
(0.0, 0.0)
(0.0, 0.0)
(0.0, 0.0)
(0.0, 0.0)
(0.0, 0.0)
(0.0, 0.0)
(0.0, 0.0)
(0.0, 0.0)
(0.0, 0.0)
(0.0, 0.0)
(0.0, 0.0)
(0.0, 0.0)
(0.0, 0.0)
(0.0, 0.0)
(0.0, 0.0)
(0.0, 0.0)
(0.0, 0.0)
(0.0, 0.0)
(0.0, 0.0)
(0.0, 0.0)
(0.0, 0.0)
(0.0, 0.0)
(0.0, 0.0)
(0.0, 0.0)
(0.0, 0.0)
(0.0, 0.0)
(0.0, 0.0)
(0.0, 0.0)
(0.0, 0.0)
(0.0, 0.0)
(0.0, 0.0)
(0.0, 0.0)
(0.0, 0.0)
(0.0, 0.0)
(0.0, 0.0)
(0.0, 0.0)
(0.0, 0.0)
(0.0, 0.0)
(0.0, 0.0)
(0.0, 0.0)
(0.0, 0.0)
(0.0, 0.0)
(0.0, 0.0)
(0.0, 0.0)
(0.0, 0.0)
(0.0, 0.0)
(0.0, 0.0)
(0.0, 0.0)
(0.0, 0.0)
(0.0, 0.0)
(0.0, 0.0)
(0.0, 0.0)
(0.0, 0.0)
(0.0, 0.0)
(0.0, 0.0)
(0.0, 0.0)
(0.0, 0.0)
(0.0, 0.0)
(0.0, 0.0)
(0.0, 0.0)
(0.0, 0.0)
(0.0, 0.0)
(0.0, 0.0)
(0.0, 0.0)
(0.0, 0.0)
(0.0, 0.0)
(0.0, 0.0)
(0.0, 0.0)
(0.0, 0.0)
(0.0, 0.0)
(0.0, 0.0)
(0.0, 0.0)
(0.0, 0.0)
(0.0, 0.0)
(0.0, 0.0)
(0.0, 0.0)
(0.0, 0.0)
(0.0, 0.0)
(0.0, 0.0)
(0.0, 0.0)
(0.0, 0.0)
(0.0, 0.0)
(0.0, 0.0)
(0.0, 0.0)
(0.0, 0.0)
(0.0, 0.0)
(0.0, 0.0)
(0.0, 0.0)
(0.0, 0.0)
(0.0, 0.0)
(0.0, 0.0)
(0.0, 0.0)
(0.0, 0.0)
(0.0, 0.0)
(0.0, 0.0)
(0.0, 0.0)
(0.0, 0.0)
(0.0, 0.0)
(0.0, 0.0)
(0.0, 0.0)
(0.0, 0.0)
(0.0, 0.0)
(0.0, 0.0)
(0.0, 0.0)
(0.0, 0.0)
(0.0, 0.0)
(0.0, 0.0)
(0.0, 0.0)
(0.0, 0.0)
(0.0, 0.0)
(0.0, 0.0)
(0.0, 0.0)
(0.0, 0.0)
(0.0, 0.0)
(0.0, 0.0)
(0.0, 0.0)
(0.0, 0.0)
(0.0, 0.0)
(0.0, 0.0)
(0.0, 0.0)
(0.0, 0.0)
(0.0, 0.0)
(0.0, 0.0)
(0.0, 0.0)
(0.0, 0.0)
(0.0, 0.0)
(0.0, 0.0)
(0.0, 0.0)
(0.0, 0.0)
(0.0, 0.0)
(0.0, 0.0)
(0.0, 0.0)
(0.0, 0.0)
(0.0, 0.0)
(0.0, 0.0)
(0.0, 0.0)
(0.0, 0.0)
(0.0, 0.0)
(0.0, 0.0)
(0.0, 0.0)
(0.0, 0.0)
(0.0, 0.0)
(0.0, 0.0)
(0.0, 0.0)
(0.0, 0.0)
(0.0, 0.0)
(0.0, 0.0)
(0.0, 0.0)
(0.0, 0.0)
(0.0, 0.0)
(0.0, 0.0)
(0.0, 0.0)
(0.0, 0.0)
(0.0, 0.0)
(0.0, 0.0)
(0.0, 0.0)
(0.0, 0.0)
(0.0, 0.0)
(0.0, 0.0)
(0.0, 0.0)
(0.0, 0.0)
(0.0, 0.0)
(0.0, 0.0)
(0.0, 0.0)
(0.0, 0.0)
(0.0, 0.0)
(0.0, 0.0)
(0.0, 0.0)
(0.0, 0.0)
(0.0, 0.0)
(0.0, 0.0)
(0.0, 0.0)
(0.0, 0.0)
(0.0, 0.0)
(0.0, 0.0)
(0.0, 0.0)
(0.0, 0.0)
(0.0, 0.0)
(0.0, 0.0)
(0.0, 0.0)
(0.0, 0.0)
(0.0, 0.0)
(0.0, 0.0)
(0.0, 0.0)
(0.0, 0.0)
(0.0, 0.0)
(0.0, 0.0)
(0.0, 0.0)
(0.0, 0.0)
(0.0, 0.0)
(0.0, 0.0)
(0.0, 0.0)
(0.0, 0.0)
(0.0, 0.0)
(0.0, 0.0)
(0.0, 0.0)
(0.0, 0.0)
(0.0, 0.0)
(0.0, 0.0)
(0.10000000149011612, 0.0010000000149011613)
(0.0, 0.0010000000149011613)
(0.0, 0.0010000000149011613)
(0.10000000149011612, 0.0020000000298023225)
(0.10000000149011612, 0.0030000000447034836)
(0.0, 0.0030000000447034836)
(0.0, 0.0030000000447034836)
(0.0, 0.0030000000447034836)
(0.0, 0.0030000000447034836)
(0.0, 0.0030000000447034836)
(0.0, 0.0030000000447034836)
(0.0, 0.0030000000447034836)
(0.0, 0.0030000000447034836)
(0.0, 0.0030000000447034836)
(0.0, 0.0030000000447034836)
(0.0, 0.0030000000447034836)
(0.0, 0.0030000000447034836)
(0.0, 0.0030000000447034836)
(0.0, 0.0030000000447034836)
(0.0, 0.0030000000447034836)
(0.0, 0.0030000000447034836)
(0.30000000447034836, 0.006000000089406967)
(0.0, 0.006000000089406967)
(0.0, 0.006000000089406967)
(0.0, 0.006000000089406967)
(0.0, 0.006000000089406967)
(0.0, 0.006000000089406967)
(0.0, 0.006000000089406967)
(0.0, 0.006000000089406967)
(0.0, 0.006000000089406967)
(0.0, 0.006000000089406967)
(0.0, 0.006000000089406967)
(0.0, 0.006000000089406967)
(0.0, 0.006000000089406967)
(0.0, 0.006000000089406967)
(0.0, 0.006000000089406967)
(0.0, 0.006000000089406967)
(0.0, 0.006000000089406967)
(0.0, 0.006000000089406967)
(0.0, 0.006000000089406967)
(0.0, 0.006000000089406967)
(0.0, 0.006000000089406967)
(0.0, 0.006000000089406967)
(0.0, 0.006000000089406967)
(0.0, 0.006000000089406967)
(0.0, 0.006000000089406967)
(0.0, 0.006000000089406967)
(0.0, 0.006000000089406967)
(0.0, 0.006000000089406967)
(0.0, 0.006000000089406967)
(0.0, 0.006000000089406967)
(0.0, 0.006000000089406967)
(0.0, 0.006000000089406967)
(0.0, 0.006000000089406967)
(0.0, 0.006000000089406967)
(0.0, 0.006000000089406967)
(0.0, 0.006000000089406967)
(0.0, 0.006000000089406967)
(0.0, 0.006000000089406967)
(0.0, 0.006000000089406967)
(0.0, 0.006000000089406967)
(0.0, 0.006000000089406967)
(0.0, 0.006000000089406967)
(0.0, 0.006000000089406967)
(0.0, 0.006000000089406967)
(0.0, 0.006000000089406967)
(0.0, 0.006000000089406967)
(0.0, 0.006000000089406967)
(0.0, 0.006000000089406967)
(0.0, 0.006000000089406967)
(0.0, 0.006000000089406967)
(0.0, 0.006000000089406967)
(0.0, 0.006000000089406967)
(0.0, 0.006000000089406967)
(0.0, 0.006000000089406967)
(0.0, 0.006000000089406967)
(0.0, 0.006000000089406967)
(0.0, 0.006000000089406967)
(0.0, 0.006000000089406967)
(0.0, 0.006000000089406967)
(0.0, 0.006000000089406967)
(0.0, 0.006000000089406967)
(0.0, 0.006000000089406967)
(0.0, 0.006000000089406967)
(0.0, 0.006000000089406967)
(0.0, 0.006000000089406967)
(0.0, 0.006000000089406967)
(0.0, 0.006000000089406967)
(0.0, 0.006000000089406967)
(0.0, 0.006000000089406967)
(0.0, 0.006000000089406967)
(0.0, 0.006000000089406967)
(0.0, 0.006000000089406967)
(0.0, 0.006000000089406967)
(0.0, 0.006000000089406967)
(0.0, 0.006000000089406967)
(0.0, 0.006000000089406967)
(0.0, 0.006000000089406967)
(0.0, 0.006000000089406967)
(0.0, 0.006000000089406967)
(0.0, 0.005000000074505806)
(0.0, 0.005000000074505806)
(0.0, 0.005000000074505806)
(0.0, 0.004000000059604645)
(0.0, 0.0030000000447034836)
(0.0, 0.0030000000447034836)
(0.0, 0.0030000000447034836)
(0.0, 0.0030000000447034836)
(0.0, 0.0030000000447034836)
(0.0, 0.0030000000447034836)
(0.0, 0.0030000000447034836)
(0.0, 0.0030000000447034836)
(0.0, 0.0030000000447034836)
(0.0, 0.0030000000447034836)
(0.0, 0.0030000000447034836)
(0.0, 0.0030000000447034836)
(0.0, 0.0030000000447034836)
(0.0, 0.0030000000447034836)
(0.0, 0.0030000000447034836)
(0.0, 0.0030000000447034836)
(0.0, 0.0030000000447034836)
(0.0, 0.0)
(0.0, 0.0)
(0.0, 0.0)
(0.0, 0.0)
(0.0, 0.0)
(0.0, 0.0)
(0.0, 0.0)
(0.0, 0.0)
(0.0, 0.0)
(0.0, 0.0)
(0.0, 0.0)
(0.0, 0.0)
(0.0, 0.0)
(0.0, 0.0)
(0.0, 0.0)
(0.0, 0.0)
(0.0, 0.0)
(0.0, 0.0)
(0.0, 0.0)
(0.0, 0.0)
(0.0, 0.0)
(0.0, 0.0)
(0.0, 0.0)
(0.0, 0.0)
(0.0, 0.0)
(0.0, 0.0)
(0.0, 0.0)
(0.0, 0.0)
(0.0, 0.0)
(0.0, 0.0)
(0.0, 0.0)
(0.0, 0.0)
(0.0, 0.0)
(0.0, 0.0)
(0.0, 0.0)
(0.0, 0.0)
(0.0, 0.0)
(0.0, 0.0)
(0.0, 0.0)
(0.0, 0.0)
(0.0, 0.0)
(0.0, 0.0)
(0.0, 0.0)
(0.0, 0.0)
(0.0, 0.0)
(0.0, 0.0)
(0.0, 0.0)
(0.0, 0.0)
(0.0, 0.0)
(0.0, 0.0)
(0.0, 0.0)
(0.0, 0.0)
(0.0, 0.0)
(0.0, 0.0)
(0.0, 0.0)
(0.0, 0.0)
(0.0, 0.0)
(0.0, 0.0)
(0.0, 0.0)
(0.0, 0.0)
(0.0, 0.0)
(0.0, 0.0)
(0.0, 0.0)
(0.0, 0.0)
(0.0, 0.0)
(0.0, 0.0)
(0.0, 0.0)
(0.0, 0.0)
(0.0, 0.0)
(0.0, 0.0)
(0.0, 0.0)
(0.0, 0.0)
(0.0, 0.0)
(0.0, 0.0)
(0.0, 0.0)
(0.0, 0.0)
(0.0, 0.0)
(0.0, 0.0)
(0.0, 0.0)
(0.0, 0.0)
(0.0, 0.0)
(0.0, 0.0)
(0.0, 0.0)
(0.0, 0.0)
(0.0, 0.0)
(0.0, 0.0)
(0.0, 0.0)
(0.0, 0.0)
(0.0, 0.0)
(0.0, 0.0)
(0.0, 0.0)
(0.0, 0.0)
(0.0, 0.0)
(0.0, 0.0)
(0.0, 0.0)
(0.0, 0.0)
(0.0, 0.0)
(0.0, 0.0)
(0.0, 0.0)
(0.0, 0.0)
(0.0, 0.0)
(0.0, 0.0)
(0.0, 0.0)
(0.0, 0.0)
(0.0, 0.0)
(0.0, 0.0)
(0.0, 0.0)
(0.0, 0.0)
(0.0, 0.0)
(0.0, 0.0)
(0.0, 0.0)
(0.0, 0.0)
(0.0, 0.0)
(0.0, 0.0)
(0.0, 0.0)
(0.0, 0.0)
(0.0, 0.0)
(0.0, 0.0)
(0.0, 0.0)
(0.0, 0.0)
(0.0, 0.0)
(0.0, 0.0)
(0.0, 0.0)
(0.0, 0.0)
(0.0, 0.0)
(0.0, 0.0)
(0.0, 0.0)
(0.0, 0.0)
(0.0, 0.0)
(0.0, 0.0)
(0.0, 0.0)
(0.0, 0.0)
(0.0, 0.0)
(0.0, 0.0)
(0.0, 0.0)
(0.0, 0.0)
(0.0, 0.0)
(0.0, 0.0)
(0.0, 0.0)
(0.0, 0.0)
(0.0, 0.0)
(0.0, 0.0)
(0.0, 0.0)
(0.0, 0.0)
(0.0, 0.0)
(0.0, 0.0)
(0.0, 0.0)
(0.0, 0.0)
(0.0, 0.0)
(0.0, 0.0)
(0.0, 0.0)
(0.0, 0.0)
(0.0, 0.0)
(0.0, 0.0)
(0.0, 0.0)
(0.0, 0.0)
(0.0, 0.0)
(0.0, 0.0)
(0.0, 0.0)
(0.0, 0.0)
(0.0, 0.0)
(0.0, 0.0)
(0.0, 0.0)
(0.0, 0.0)
(0.0, 0.0)
(0.0, 0.0)
(0.0, 0.0)
(0.0, 0.0)
(0.0, 0.0)
(0.0, 0.0)
(0.0, 0.0)
(0.0, 0.0)
(0.0, 0.0)
(0.0, 0.0)
(0.0, 0.0)
(0.0, 0.0)
(0.0, 0.0)
(0.0, 0.0)
(0.0, 0.0)
(0.0, 0.0)
(0.0, 0.0)
(0.0, 0.0)
(0.0, 0.0)
(0.0, 0.0)
(0.0, 0.0)
(0.0, 0.0)
(0.0, 0.0)
(0.0, 0.0)
(0.0, 0.0)
(0.0, 0.0)
(0.0, 0.0)
(0.0, 0.0)
(0.10000000149011612, 0.0010000000149011613)
(0.0, 0.0010000000149011613)
(0.0, 0.0010000000149011613)
(0.0, 0.0010000000149011613)
(0.0, 0.0010000000149011613)
(0.0, 0.0010000000149011613)
(0.0, 0.0010000000149011613)
(0.10000000149011612, 0.0020000000298023225)
(0.0, 0.0020000000298023225)
(0.0, 0.0020000000298023225)
(0.0, 0.0020000000298023225)
(0.0, 0.0020000000298023225)
(0.09000000171363354, 0.0029000000469386576)
(0.10000000149011612, 0.003900000061839819)
(0.10000000149011612, 0.00490000007674098)
(0.09000000171363354, 0.005800000093877315)
(0.10000000149011612, 0.006800000108778476)
(0.09000000171363354, 0.007700000125914812)
(0.10000000149011612, 0.008700000140815973)
(0.0, 0.008700000140815973)
(0.10000000149011612, 0.009700000155717134)
(0.0, 0.009700000155717134)
(0.09000000171363354, 0.01060000017285347)
(0.0, 0.01060000017285347)
(0.0, 0.01060000017285347)
(0.0, 0.01060000017285347)
(0.0, 0.01060000017285347)
(0.0, 0.01060000017285347)
(0.0, 0.01060000017285347)
(0.09000000171363354, 0.011500000189989805)
(0.09000000171363354, 0.01240000020712614)
(0.0, 0.01240000020712614)
(0.0, 0.01240000020712614)
(0.0, 0.01240000020712614)
(0.0, 0.01240000020712614)
(0.0, 0.01240000020712614)
(0.09000000171363354, 0.013300000224262476)
(0.09000000171363354, 0.014200000241398811)
(0.09000000171363354, 0.015100000258535147)
(0.0, 0.015100000258535147)
(0.0, 0.015100000258535147)
(0.10000000149011612, 0.016100000273436308)
(0.0, 0.016100000273436308)
(0.09000000171363354, 0.017000000290572644)
(0.0, 0.017000000290572644)
(0.0, 0.017000000290572644)
(0.0, 0.017000000290572644)
(0.0, 0.017000000290572644)
(0.0, 0.017000000290572644)
(0.0, 0.017000000290572644)
(0.0, 0.017000000290572644)
(0.0, 0.017000000290572644)
(0.0, 0.017000000290572644)
(0.10000000149011612, 0.018000000305473805)
(0.0, 0.018000000305473805)
(0.20000000298023224, 0.020000000335276127)
(0.10000000149011612, 0.021000000350177288)
(0.10000000149011612, 0.02200000036507845)
(0.10000000149011612, 0.02300000037997961)
(0.0, 0.02300000037997961)
(0.0, 0.02300000037997961)
(0.0, 0.02300000037997961)
(0.0, 0.02300000037997961)
(0.0, 0.02300000037997961)
(0.0, 0.02300000037997961)
(0.0, 0.02300000037997961)
(0.0, 0.02300000037997961)
(0.0, 0.02300000037997961)
(0.0, 0.02300000037997961)
(0.0, 0.02300000037997961)
(0.10000000149011612, 0.02400000039488077)
(0.0, 0.02400000039488077)
(0.0, 0.02400000039488077)
(0.0, 0.02400000039488077)
(0.0, 0.02400000039488077)
(0.0, 0.02400000039488077)
(0.0, 0.02400000039488077)
(0.0, 0.02400000039488077)
(0.0, 0.02400000039488077)
(0.0, 0.02400000039488077)
(0.0, 0.02400000039488077)
(0.0, 0.02400000039488077)
(0.0, 0.02400000039488077)
(0.0, 0.02400000039488077)
(0.0, 0.02400000039488077)
(0.0, 0.02400000039488077)
(0.0, 0.02400000039488077)
(0.0, 0.02400000039488077)
(0.0, 0.02400000039488077)
(0.0, 0.02400000039488077)
(0.0, 0.02400000039488077)
(0.0, 0.02400000039488077)
(0.0, 0.02400000039488077)
(0.0, 0.02400000039488077)
(0.0, 0.02400000039488077)
(0.0, 0.02400000039488077)
(0.0, 0.02400000039488077)
(0.0, 0.02400000039488077)
(0.0, 0.02400000039488077)
(0.0, 0.02400000039488077)
(0.0, 0.02300000037997961)
(0.0, 0.02300000037997961)
(0.0, 0.02300000037997961)
(0.0, 0.02300000037997961)
(0.0, 0.02300000037997961)
(0.0, 0.02300000037997961)
(0.0, 0.02300000037997961)
(0.0, 0.02200000036507845)
(0.0, 0.02200000036507845)
(0.0, 0.02200000036507845)
(0.0, 0.02200000036507845)
(0.0, 0.02200000036507845)
(0.0, 0.021100000347942113)
(0.0, 0.020100000333040952)
(0.0, 0.01910000031813979)
(0.0, 0.018200000301003456)
(0.0, 0.017200000286102295)
(0.0, 0.01630000026896596)
(0.0, 0.015300000254064798)
(0.0, 0.015300000254064798)
(0.0, 0.014300000239163637)
(0.0, 0.014300000239163637)
(0.0, 0.013400000222027302)
(0.0, 0.013400000222027302)
(0.0, 0.013400000222027302)
(0.0, 0.013400000222027302)
(0.0, 0.013400000222027302)
(0.0, 0.013400000222027302)
(0.0, 0.013400000222027302)
(0.0, 0.012500000204890966)
(0.0, 0.01160000018775463)
(0.0, 0.01160000018775463)
(0.0, 0.01160000018775463)
(0.0, 0.01160000018775463)
(0.0, 0.01160000018775463)
(0.0, 0.01160000018775463)
(0.0, 0.010700000170618295)
(0.0, 0.00980000015348196)
(0.0, 0.008900000136345626)
(0.0, 0.008900000136345626)
(0.0, 0.008900000136345626)
(0.0, 0.007900000121444463)
(0.0, 0.007900000121444463)
(0.0, 0.007000000104308128)
(0.0, 0.007000000104308128)
(0.0, 0.007000000104308128)
(0.0, 0.007000000104308128)
(0.0, 0.007000000104308128)
(0.0, 0.007000000104308128)
(0.0, 0.007000000104308128)
(0.0, 0.007000000104308128)
(0.0, 0.007000000104308128)
(0.0, 0.007000000104308128)
(0.0, 0.006000000089406967)
(0.0, 0.006000000089406967)
(0.0, 0.004000000059604645)
(0.0, 0.0030000000447034836)
(0.0, 0.0020000000298023225)
(0.0, 0.0010000000149011613)
(0.0, 0.0010000000149011613)
(0.0, 0.0010000000149011613)
(0.0, 0.0010000000149011613)
(0.0, 0.0010000000149011613)
(0.0, 0.0010000000149011613)
(0.0, 0.0010000000149011613)
(0.0, 0.0010000000149011613)
(0.0, 0.0010000000149011613)
(0.0, 0.0010000000149011613)
(0.0, 0.0010000000149011613)
(0.0, 0.0010000000149011613)
(0.0, 0.0)
(0.0, 0.0)
(0.0, 0.0)
(0.0, 0.0)
(0.0, 0.0)
(0.0, 0.0)
(0.0, 0.0)
(0.0, 0.0)
(0.0, 0.0)
(0.0, 0.0)
(0.0, 0.0)
(0.0, 0.0)
(0.0, 0.0)
(0.0, 0.0)
(0.0, 0.0)
(0.0, 0.0)
(0.0, 0.0)
(0.0, 0.0)
(0.0, 0.0)
(0.0, 0.0)
(0.0, 0.0)
(0.0, 0.0)
(0.0, 0.0)
(0.0, 0.0)
(0.0, 0.0)
(0.0, 0.0)
(0.0, 0.0)
(0.0, 0.0)
(0.0, 0.0)
(0.0, 0.0)
(0.0, 0.0)
(0.0, 0.0)
(0.0, 0.0)
(0.0, 0.0)
(0.0, 0.0)
(0.0, 0.0)
(0.0, 0.0)
(0.0, 0.0)
(0.0, 0.0)
(0.0, 0.0)
(0.0, 0.0)
(0.0, 0.0)
(0.0, 0.0)
(0.0, 0.0)
(0.0, 0.0)
(0.0, 0.0)
(0.0, 0.0)
(0.0, 0.0)
(0.0, 0.0)
(0.0, 0.0)
(0.0, 0.0)
(0.0, 0.0)
(0.0, 0.0)
(0.0, 0.0)
(0.0, 0.0)
(0.0, 0.0)
(0.0, 0.0)
(0.0, 0.0)
(0.0, 0.0)
(0.0, 0.0)
(0.0, 0.0)
(0.0, 0.0)
(0.0, 0.0)
(0.0, 0.0)
(0.0, 0.0)
(0.0, 0.0)
(0.0, 0.0)
(0.0, 0.0)
(0.0, 0.0)
(0.0, 0.0)
(0.0, 0.0)
(0.0, 0.0)
(0.0, 0.0)
(0.0, 0.0)
(0.0, 0.0)
(0.0, 0.0)
(0.0, 0.0)
(0.0, 0.0)
(0.0, 0.0)
(0.0, 0.0)
(0.0, 0.0)
(0.0, 0.0)
(0.0, 0.0)
(0.0, 0.0)
(0.0, 0.0)
(0.0, 0.0)
(0.0, 0.0)
(0.0, 0.0)
(0.0, 0.0)
(0.0, 0.0)
(0.0, 0.0)
(0.0, 0.0)
(0.0, 0.0)
(0.0, 0.0)
(0.0, 0.0)
(0.0, 0.0)
(0.0, 0.0)
(0.0, 0.0)
(0.0, 0.0)
(0.0, 0.0)
(0.0, 0.0)
(0.0, 0.0)
(0.0, 0.0)
(0.0, 0.0)
(0.0, 0.0)
(0.0, 0.0)
(0.0, 0.0)
(0.0, 0.0)
(0.0, 0.0)
(0.0, 0.0)
(0.0, 0.0)
(0.0, 0.0)
(0.0, 0.0)
(0.0, 0.0)
(0.0, 0.0)
(0.0, 0.0)
(0.0, 0.0)
(0.0, 0.0)
(0.0, 0.0)
(0.0, 0.0)
(0.0, 0.0)
(0.0, 0.0)
(0.0, 0.0)
(0.0, 0.0)
(0.0, 0.0)
(0.0, 0.0)
(0.0, 0.0)
(0.0, 0.0)
(0.0, 0.0)
(0.0, 0.0)
(0.0, 0.0)
(0.0, 0.0)
(0.0, 0.0)
(0.0, 0.0)
(0.0, 0.0)
(0.0, 0.0)
(0.0, 0.0)
(0.0, 0.0)
(0.0, 0.0)
(0.0, 0.0)
(0.0, 0.0)
(0.0, 0.0)
(0.0, 0.0)
(0.0, 0.0)
(0.0, 0.0)
(0.0, 0.0)
(0.0, 0.0)
(0.0, 0.0)
(0.0, 0.0)
(0.0, 0.0)
(0.0, 0.0)
(0.0, 0.0)
(0.0, 0.0)
(0.0, 0.0)
(0.0, 0.0)
(0.0, 0.0)
(0.0, 0.0)
(0.0, 0.0)
(0.0, 0.0)
(0.0, 0.0)
(0.0, 0.0)
(0.0, 0.0)
(0.0, 0.0)
(0.0, 0.0)
(0.0, 0.0)
(0.0, 0.0)
(0.0, 0.0)
(0.0, 0.0)
(0.0, 0.0)
(0.0, 0.0)
(0.0, 0.0)
(0.0, 0.0)
(0.0, 0.0)
(0.0, 0.0)
(0.0, 0.0)
(0.0, 0.0)
(0.0, 0.0)
(0.0, 0.0)
(0.0, 0.0)
(0.0, 0.0)
(0.0, 0.0)
(0.0, 0.0)
(0.0, 0.0)
(0.0, 0.0)
(0.0, 0.0)
(0.0, 0.0)
(0.0, 0.0)
(0.0, 0.0)
(0.0, 0.0)
(0.0, 0.0)
(0.0, 0.0)
(0.0, 0.0)
(0.0, 0.0)
(0.0, 0.0)
(0.0, 0.0)
(0.0, 0.0)
(0.0, 0.0)
(0.0, 0.0)
(0.0, 0.0)
(0.0, 0.0)
(0.0, 0.0)
(0.0, 0.0)
(0.0, 0.0)
(0.0, 0.0)
(0.0, 0.0)
(0.0, 0.0)
(0.0, 0.0)
(0.0, 0.0)
(0.0, 0.0)
(0.0, 0.0)
(0.0, 0.0)
(0.0, 0.0)
(0.0, 0.0)
(0.0, 0.0)
(0.0, 0.0)
(0.0, 0.0)
(0.0, 0.0)
(0.0, 0.0)
(0.0, 0.0)
(0.0, 0.0)
(0.0, 0.0)
(0.0, 0.0)
(0.0, 0.0)
(0.0, 0.0)
(0.0, 0.0)
(0.0, 0.0)
(0.0, 0.0)
(0.0, 0.0)
(0.0, 0.0)
(0.0, 0.0)
(0.0, 0.0)
(0.0, 0.0)
(0.0, 0.0)
(0.0, 0.0)
(0.0, 0.0)
(0.0, 0.0)
(0.0, 0.0)
(0.0, 0.0)
(0.0, 0.0)
(0.0, 0.0)
(0.0, 0.0)
(0.0, 0.0)
(0.0, 0.0)
(0.0, 0.0)
(0.0, 0.0)
(0.0, 0.0)
(0.0, 0.0)
(0.0, 0.0)
(0.0, 0.0)
(0.0, 0.0)
(0.0, 0.0)
(0.0, 0.0)
(0.0, 0.0)
(0.0, 0.0)
(0.0, 0.0)
(0.0, 0.0)
(0.0, 0.0)
(0.0, 0.0)
(0.0, 0.0)
(0.0, 0.0)
(0.0, 0.0)
(0.0, 0.0)
(0.0, 0.0)
(0.0, 0.0)
(0.0, 0.0)
(0.0, 0.0)
(0.0, 0.0)
(0.0, 0.0)
(0.0, 0.0)
(0.0, 0.0)
(0.0, 0.0)
(0.0, 0.0)
(0.0, 0.0)
(0.0, 0.0)
(0.0, 0.0)
(0.0, 0.0)
(0.0, 0.0)
(0.0, 0.0)
(0.0, 0.0)
(0.0, 0.0)
(0.0, 0.0)
(0.0, 0.0)
(0.0, 0.0)
(0.0, 0.0)
(0.0, 0.0)
(0.0, 0.0)
(0.0, 0.0)
(0.0, 0.0)
(0.0, 0.0)
(0.0, 0.0)
(0.0, 0.0)
(0.0, 0.0)
(0.0, 0.0)
(0.0, 0.0)
(0.0, 0.0)
(0.0, 0.0)
(0.0, 0.0)
(0.0, 0.0)
(0.0, 0.0)
(0.0, 0.0)
(0.0, 0.0)
(0.0, 0.0)
(0.0, 0.0)
(0.0, 0.0)
(0.0, 0.0)
(0.0, 0.0)
(0.0, 0.0)
(0.0, 0.0)
(0.0, 0.0)
(0.0, 0.0)
(0.0, 0.0)
(0.0, 0.0)
(0.0, 0.0)
(0.0, 0.0)
(0.0, 0.0)
(0.0, 0.0)
(0.0, 0.0)
(0.0, 0.0)
(0.0, 0.0)
(0.0, 0.0)
(0.0, 0.0)
(0.0, 0.0)
(0.0, 0.0)
(0.0, 0.0)
(0.0, 0.0)
(0.0, 0.0)
(0.0, 0.0)
(0.0, 0.0)
(0.0, 0.0)
(0.0, 0.0)
(0.0, 0.0)
(0.0, 0.0)
(0.0, 0.0)
(0.0, 0.0)
(0.0, 0.0)
(0.0, 0.0)
(0.0, 0.0)
(0.0, 0.0)
(0.0, 0.0)
(0.0, 0.0)
(0.0, 0.0)
(0.0, 0.0)
(0.0, 0.0)
(0.0, 0.0)
(0.0, 0.0)
(0.0, 0.0)
(0.0, 0.0)
(0.0, 0.0)
(0.0, 0.0)
(0.0, 0.0)
(0.0, 0.0)
(0.0, 0.0)
(0.0, 0.0)
(0.0, 0.0)
(0.0, 0.0)
(0.0, 0.0)
(0.0, 0.0)
(0.0, 0.0)
(0.0, 0.0)
(0.0, 0.0)
(0.0, 0.0)
(0.0, 0.0)
(0.0, 0.0)
(0.0, 0.0)
(0.0, 0.0)
(0.0, 0.0)
(0.0, 0.0)
(0.0, 0.0)
(0.0, 0.0)
(0.0, 0.0)
(0.0, 0.0)
(0.0, 0.0)
(0.0, 0.0)
(0.0, 0.0)
(0.0, 0.0)
(0.0, 0.0)
(0.0, 0.0)
(0.0, 0.0)
(0.0, 0.0)
(0.0, 0.0)
(0.0, 0.0)
(0.0, 0.0)
(0.0, 0.0)
(0.0, 0.0)
(0.0, 0.0)
(0.0, 0.0)
(0.0, 0.0)
(0.09000000171363354, 0.0009000000171363354)
(0.0, 0.0009000000171363354)
(0.09000000171363354, 0.0018000000342726708)
(0.0, 0.0018000000342726708)
(0.09000000171363354, 0.002700000051409006)
(0.09000000171363354, 0.0036000000685453416)
(0.09000000171363354, 0.004500000085681677)
(0.09000000171363354, 0.005400000102818012)
(0.09000000171363354, 0.006300000119954348)
(0.09000000171363354, 0.007200000137090683)
(0.0, 0.007200000137090683)
(0.10000000149011612, 0.008200000151991843)
(0.09000000171363354, 0.009100000169128179)
(0.10000000149011612, 0.01010000018402934)
(0.10000000149011612, 0.011100000198930503)
(0.0, 0.011100000198930503)
(0.0, 0.011100000198930503)
(0.0, 0.011100000198930503)
(0.10000000149011612, 0.012100000213831664)
(0.0, 0.012100000213831664)
(0.0, 0.012100000213831664)
(0.0, 0.012100000213831664)
(0.0, 0.012100000213831664)
(0.0, 0.012100000213831664)
(0.0, 0.012100000213831664)
(0.0, 0.012100000213831664)
(0.10000000149011612, 0.013100000228732825)
(0.0, 0.013100000228732825)
(0.0, 0.013100000228732825)
(0.0, 0.013100000228732825)
(0.0, 0.013100000228732825)
(0.0, 0.013100000228732825)
(0.0, 0.013100000228732825)
(0.0, 0.013100000228732825)
(0.09000000171363354, 0.01400000024586916)
(0.0, 0.01400000024586916)
(0.0, 0.01400000024586916)
(0.09000000171363354, 0.014900000263005496)
(0.0, 0.014900000263005496)
(0.0, 0.014900000263005496)
(0.0, 0.014900000263005496)
(0.10000000149011612, 0.015900000277906657)
(0.09000000171363354, 0.016800000295042992)
(0.0, 0.016800000295042992)
(0.10000000149011612, 0.017800000309944154)
(0.09000000171363354, 0.01870000032708049)
(0.10000000149011612, 0.01970000034198165)
(0.09000000171363354, 0.020600000359117986)
(0.0, 0.020600000359117986)
(0.0, 0.020600000359117986)
(0.0, 0.020600000359117986)
(0.0, 0.020600000359117986)
(0.0, 0.020600000359117986)
(0.10000000149011612, 0.021600000374019147)
(0.10000000149011612, 0.022600000388920308)
(0.0, 0.022600000388920308)
(0.0, 0.022600000388920308)
(0.0, 0.022600000388920308)
(0.10000000149011612, 0.02360000040382147)
(0.09000000171363354, 0.024500000420957804)
(0.0, 0.024500000420957804)
(0.09000000171363354, 0.02540000043809414)
(0.10000000149011612, 0.0264000004529953)
(0.0, 0.0264000004529953)
(0.0, 0.0264000004529953)
(0.0, 0.0264000004529953)
(0.0, 0.0264000004529953)
(0.0, 0.0264000004529953)
(0.0, 0.0264000004529953)
(0.09000000171363354, 0.027300000470131636)
(0.0, 0.027300000470131636)
(0.0, 0.027300000470131636)
(0.0, 0.027300000470131636)
(0.0, 0.027300000470131636)
(0.10000000149011612, 0.028300000485032797)
(0.0, 0.028300000485032797)
(0.0, 0.028300000485032797)
(0.0, 0.028300000485032797)
(0.0, 0.028300000485032797)
(0.0, 0.028300000485032797)
(0.0, 0.028300000485032797)
(0.0, 0.028300000485032797)
(0.0, 0.028300000485032797)
(0.0, 0.028300000485032797)
(0.0, 0.028300000485032797)
(0.0, 0.028300000485032797)
(0.0, 0.028300000485032797)
(0.0, 0.028300000485032797)
(0.0, 0.028300000485032797)
(0.0, 0.028300000485032797)
(0.0, 0.028300000485032797)
(0.0, 0.028300000485032797)
(0.0, 0.028300000485032797)
(0.0, 0.028300000485032797)
(0.0, 0.028300000485032797)
(0.0, 0.028300000485032797)
(0.0, 0.028300000485032797)
(0.0, 0.028300000485032797)
(0.0, 0.028300000485032797)
(0.0, 0.028300000485032797)
(0.0, 0.027400000467896462)
(0.0, 0.027400000467896462)
(0.0, 0.026500000450760126)
(0.0, 0.026500000450760126)
(0.0, 0.02560000043362379)
(0.0, 0.024700000416487455)
(0.0, 0.02380000039935112)
(0.0, 0.022900000382214784)
(0.10000000149011612, 0.02300000037997961)
(0.0, 0.022100000362843274)
(0.0, 0.022100000362843274)
(0.09000000171363354, 0.02200000036507845)
(0.0, 0.021100000347942113)
(0.0, 0.020100000333040952)
(0.0, 0.01910000031813979)
(0.0, 0.01910000031813979)
(0.0, 0.01910000031813979)
(0.0, 0.01910000031813979)
(0.0, 0.01810000030323863)
(0.0, 0.01810000030323863)
(0.0, 0.01810000030323863)
(0.0, 0.01810000030323863)
(0.0, 0.01810000030323863)
(0.0, 0.01810000030323863)
(0.0, 0.01810000030323863)
(0.0, 0.01810000030323863)
(0.0, 0.01710000028833747)
(0.0, 0.01710000028833747)
(0.0, 0.01710000028833747)
(0.0, 0.01710000028833747)
(0.0, 0.01710000028833747)
(0.0, 0.01710000028833747)
(0.0, 0.01710000028833747)
(0.0, 0.01710000028833747)
(0.0, 0.016200000271201134)
(0.0, 0.016200000271201134)
(0.0, 0.016200000271201134)
(0.0, 0.015300000254064798)
(0.0, 0.015300000254064798)
(0.0, 0.015300000254064798)
(0.0, 0.015300000254064798)
(0.0, 0.014300000239163637)
(0.0, 0.013400000222027302)
(0.0, 0.013400000222027302)
(0.0, 0.01240000020712614)
(0.0, 0.011500000189989805)
(0.0, 0.010500000175088644)
(0.0, 0.009600000157952308)
(0.0, 0.009600000157952308)
(0.0, 0.009600000157952308)
(0.0, 0.009600000157952308)
(0.0, 0.009600000157952308)
(0.0, 0.009600000157952308)
(0.0, 0.008600000143051147)
(0.0, 0.007600000128149986)
(0.0, 0.007600000128149986)
(0.0, 0.007600000128149986)
(0.0, 0.007600000128149986)
(0.0, 0.006600000113248825)
(0.0, 0.00570000009611249)
(0.0, 0.00570000009611249)
(0.0, 0.004800000078976154)
(0.0, 0.003800000064074993)
(0.0, 0.003800000064074993)
(0.0, 0.003800000064074993)
(0.0, 0.003800000064074993)
(0.0, 0.003800000064074993)
(0.0, 0.003800000064074993)
(0.0, 0.003800000064074993)
(0.0, 0.0029000000469386576)
(0.0, 0.0029000000469386576)
(0.0, 0.0029000000469386576)
(0.0, 0.0029000000469386576)
(0.0, 0.0029000000469386576)
(0.0, 0.0019000000320374966)
(0.0, 0.0019000000320374966)
(0.0, 0.0019000000320374966)
(0.0, 0.0019000000320374966)
(0.0, 0.0019000000320374966)
(0.0, 0.0019000000320374966)
(0.0, 0.0019000000320374966)
(0.0, 0.0019000000320374966)
(0.0, 0.0019000000320374966)
(0.10000000149011612, 0.0029000000469386576)
(0.0, 0.0029000000469386576)
(0.0, 0.0029000000469386576)
(0.09000000171363354, 0.003800000064074993)
(0.0, 0.003800000064074993)
(0.0, 0.003800000064074993)
(0.0, 0.003800000064074993)
(0.0, 0.003800000064074993)
(0.0, 0.003800000064074993)
(0.0, 0.003800000064074993)
(0.0, 0.003800000064074993)
(0.0, 0.003800000064074993)
(0.0, 0.003800000064074993)
(0.0, 0.003800000064074993)
(0.0, 0.003800000064074993)
(0.0, 0.003800000064074993)
(0.0, 0.003800000064074993)
(0.0, 0.003800000064074993)
(0.0, 0.003800000064074993)
(0.0, 0.003800000064074993)
(0.0, 0.003800000064074993)
(0.0, 0.003800000064074993)
(0.0, 0.003800000064074993)
(0.0, 0.003800000064074993)
(0.0, 0.003800000064074993)
(0.0, 0.002800000049173832)
(0.0, 0.002800000049173832)
(0.0, 0.002800000049173832)
(0.0, 0.0019000000320374966)
(0.0, 0.0019000000320374966)
(0.0, 0.0019000000320374966)
(0.0, 0.0019000000320374966)
(0.0, 0.0019000000320374966)
(0.0, 0.0019000000320374966)
(0.0, 0.0019000000320374966)
(0.0, 0.0019000000320374966)
(0.0, 0.0019000000320374966)
(0.0, 0.0019000000320374966)
(0.0, 0.0019000000320374966)
(0.0, 0.0019000000320374966)
(0.0, 0.0019000000320374966)
(0.0, 0.0019000000320374966)
(0.0, 0.0019000000320374966)
(0.0, 0.0019000000320374966)
(0.0, 0.0019000000320374966)
(0.10000000149011612, 0.0029000000469386576)
(0.0, 0.0029000000469386576)
(0.0, 0.0029000000469386576)
(0.0, 0.0029000000469386576)
(0.0, 0.0029000000469386576)
(0.0, 0.0029000000469386576)
(0.0, 0.0029000000469386576)
(0.0, 0.0029000000469386576)
(0.0, 0.0029000000469386576)
(0.0, 0.0029000000469386576)
(0.0, 0.0029000000469386576)
(0.0, 0.0029000000469386576)
(0.0, 0.0029000000469386576)
(0.0, 0.0029000000469386576)
(0.0, 0.0029000000469386576)
(0.0, 0.0029000000469386576)
(0.0, 0.0029000000469386576)
(0.0, 0.0029000000469386576)
(0.0, 0.0029000000469386576)
(0.0, 0.0029000000469386576)
(0.0, 0.0029000000469386576)
(0.0, 0.0029000000469386576)
(0.0, 0.0029000000469386576)
(0.0, 0.0029000000469386576)
(0.0, 0.0029000000469386576)
(0.0, 0.0029000000469386576)
(0.0, 0.0029000000469386576)
(0.0, 0.0029000000469386576)
(0.0, 0.0029000000469386576)
(0.0, 0.0029000000469386576)
(0.0, 0.0029000000469386576)
(0.0, 0.0029000000469386576)
(0.0, 0.0029000000469386576)
(0.0, 0.0029000000469386576)
(0.0, 0.0029000000469386576)
(0.0, 0.0029000000469386576)
(0.0, 0.0029000000469386576)
(0.0, 0.0029000000469386576)
(0.0, 0.0029000000469386576)
(0.0, 0.0029000000469386576)
(0.0, 0.0029000000469386576)
(0.10000000149011612, 0.003900000061839819)
(0.09000000171363354, 0.004800000078976154)
(0.10000000149011612, 0.005800000093877315)
(0.10000000149011612, 0.006800000108778476)
(0.0, 0.006800000108778476)
(0.10000000149011612, 0.007800000123679638)
(0.0, 0.007800000123679638)
(0.10000000149011612, 0.008800000138580798)
(0.0, 0.008800000138580798)
(0.10000000149011612, 0.00980000015348196)
(0.0, 0.00980000015348196)
(0.0, 0.00980000015348196)
(0.0, 0.00980000015348196)
(0.10000000149011612, 0.010800000168383122)
(0.09000000171363354, 0.010700000170618295)
(0.10000000149011612, 0.011700000185519456)
(0.10000000149011612, 0.012700000200420619)
(0.0, 0.011800000183284283)
(0.0, 0.011800000183284283)
(0.0, 0.011800000183284283)
(0.0, 0.011800000183284283)
(0.0, 0.011800000183284283)
(0.0, 0.011800000183284283)
(0.0, 0.011800000183284283)
(0.0, 0.011800000183284283)
(0.0, 0.011800000183284283)
(0.10000000149011612, 0.012800000198185444)
(0.0, 0.012800000198185444)
(0.0, 0.012800000198185444)
(0.0, 0.012800000198185444)
(0.09000000171363354, 0.01370000021532178)
(0.10000000149011612, 0.014700000230222941)
(0.0, 0.014700000230222941)
(0.0, 0.014700000230222941)
(0.10000000149011612, 0.0157000002451241)
(0.10000000149011612, 0.01670000026002526)
(0.0, 0.01670000026002526)
(0.10000000149011612, 0.017700000274926422)
(0.09000000171363354, 0.018600000292062758)
(0.10000000149011612, 0.01960000030696392)
(0.0, 0.01960000030696392)
(0.0, 0.01960000030696392)
(0.0, 0.01960000030696392)
(0.0, 0.01960000030696392)
(0.0, 0.01960000030696392)
(0.0, 0.01960000030696392)
(0.0, 0.01960000030696392)
(0.0, 0.01960000030696392)
(0.10000000149011612, 0.020600000321865083)
(0.0, 0.020600000321865083)
(0.0, 0.020600000321865083)
(0.0, 0.020600000321865083)
(0.0, 0.020600000321865083)
(0.0, 0.020600000321865083)
(0.0, 0.020600000321865083)
(0.0, 0.020600000321865083)
(0.0, 0.020600000321865083)
(0.0, 0.020600000321865083)
(0.0, 0.020600000321865083)
(0.0, 0.01960000030696392)
(0.0, 0.01960000030696392)
(0.0, 0.01960000030696392)
(0.0, 0.01960000030696392)
(0.0, 0.01960000030696392)
(0.0, 0.01960000030696392)
(0.0, 0.01960000030696392)
(0.0, 0.01960000030696392)
(0.0, 0.01960000030696392)
(0.0, 0.01960000030696392)
(0.0, 0.01960000030696392)
(0.0, 0.01960000030696392)
(0.0, 0.01960000030696392)
(0.0, 0.01960000030696392)
(0.0, 0.01960000030696392)
(0.0, 0.01960000030696392)
(0.0, 0.01960000030696392)
(0.0, 0.01960000030696392)
(0.0, 0.01960000030696392)
(0.0, 0.01960000030696392)
(0.0, 0.01960000030696392)
(0.0, 0.01960000030696392)
(0.0, 0.01960000030696392)
(0.0, 0.01960000030696392)
(0.0, 0.01960000030696392)
(0.0, 0.01960000030696392)
(0.0, 0.01960000030696392)
(0.0, 0.01960000030696392)
(0.0, 0.01960000030696392)
(0.0, 0.01960000030696392)
(0.0, 0.01960000030696392)
(0.0, 0.01960000030696392)
(0.0, 0.01960000030696392)
(0.0, 0.01960000030696392)
(0.0, 0.01960000030696392)
(0.0, 0.01960000030696392)
(0.0, 0.01960000030696392)
(0.0, 0.01960000030696392)
(0.0, 0.01960000030696392)
(0.0, 0.01960000030696392)
(0.0, 0.01960000030696392)
(0.0, 0.018600000292062758)
(0.0, 0.017700000274926422)
(0.0, 0.01670000026002526)
(0.0, 0.0157000002451241)
(0.0, 0.0157000002451241)
(0.0, 0.014700000230222941)
(0.0, 0.014700000230222941)
(0.0, 0.01370000021532178)
(0.0, 0.01370000021532178)
(0.0, 0.012700000200420619)
(0.0, 0.012700000200420619)
(0.0, 0.012700000200420619)
(0.0, 0.012700000200420619)
(0.0, 0.011700000185519456)
(0.0, 0.010800000168383122)
(0.0, 0.00980000015348196)
(0.0, 0.008800000138580798)
(0.0, 0.008800000138580798)
(0.0, 0.008800000138580798)
(0.0, 0.008800000138580798)
(0.0, 0.008800000138580798)
(0.0, 0.008800000138580798)
(0.0, 0.008800000138580798)
(0.0, 0.008800000138580798)
(0.0, 0.008800000138580798)
(0.0, 0.008800000138580798)
(0.0, 0.007800000123679638)
(0.0, 0.007800000123679638)
(0.0, 0.007800000123679638)
(0.0, 0.007800000123679638)
(0.0, 0.006900000106543303)
(0.0, 0.005900000091642142)
(0.0, 0.005900000091642142)
(0.0, 0.005900000091642142)
(0.0, 0.00490000007674098)
(0.0, 0.003900000061839819)
(0.0, 0.003900000061839819)
(0.0, 0.0029000000469386576)
(0.0, 0.0020000000298023225)
(0.0, 0.0010000000149011613)
(0.0, 0.0010000000149011613)
(0.0, 0.0010000000149011613)
(0.0, 0.0010000000149011613)
(0.0, 0.0010000000149011613)
(0.0, 0.0010000000149011613)
(0.0, 0.0010000000149011613)
(0.0, 0.0010000000149011613)
(0.0, 0.0010000000149011613)
(0.0, 0.0)
(0.0, 0.0)
(0.0, 0.0)
(0.0, 0.0)
(0.0, 0.0)
(0.0, 0.0)
(0.0, 0.0)
(0.0, 0.0)
(0.0, 0.0)
(0.0, 0.0)
(0.0, 0.0)
(0.0, 0.0)
(0.0, 0.0)
(0.0, 0.0)
(0.0, 0.0)
(0.0, 0.0)
(0.0, 0.0)
(0.0, 0.0)
(0.0, 0.0)
(0.0, 0.0)
(0.0, 0.0)
(0.0, 0.0)
(0.0, 0.0)
(0.0, 0.0)
(0.0, 0.0)
(0.0, 0.0)
(0.0, 0.0)
(0.0, 0.0)
(0.0, 0.0)
(0.0, 0.0)
(0.0, 0.0)
(0.0, 0.0)
(0.0, 0.0)
(0.0, 0.0)
(0.0, 0.0)
(0.0, 0.0)
(0.0, 0.0)
(0.0, 0.0)
(0.0, 0.0)
(0.0, 0.0)
(0.0, 0.0)
(0.0, 0.0)
(0.0, 0.0)
(0.0, 0.0)
(0.0, 0.0)
(0.0, 0.0)
(0.0, 0.0)
(0.0, 0.0)
(0.0, 0.0)
(0.0, 0.0)
(0.0, 0.0)
(0.0, 0.0)
(0.09000000171363354, 0.0009000000171363354)
(0.10000000149011612, 0.0019000000320374966)
(0.0, 0.0019000000320374966)
(0.0, 0.0019000000320374966)
(0.0, 0.0019000000320374966)
(0.0, 0.0019000000320374966)
(0.0, 0.0019000000320374966)
(0.0, 0.0019000000320374966)
(0.0, 0.0019000000320374966)
(0.0, 0.0019000000320374966)
(0.0, 0.0019000000320374966)
(0.0, 0.0019000000320374966)
(0.0, 0.0019000000320374966)
(0.0, 0.0019000000320374966)
(0.0, 0.0019000000320374966)
(0.09000000171363354, 0.002800000049173832)
(0.0, 0.002800000049173832)
(0.0, 0.002800000049173832)
(0.0, 0.002800000049173832)
(0.0, 0.002800000049173832)
(0.0, 0.002800000049173832)
(0.0, 0.002800000049173832)
(0.10000000149011612, 0.003800000064074993)
(0.0, 0.003800000064074993)
(0.0, 0.003800000064074993)
(0.0, 0.003800000064074993)
(0.0, 0.003800000064074993)
(0.0, 0.003800000064074993)
(0.0, 0.003800000064074993)
(0.0, 0.003800000064074993)
(0.0, 0.003800000064074993)
(0.0, 0.003800000064074993)
(0.0, 0.003800000064074993)
(0.0, 0.003800000064074993)
(0.0, 0.003800000064074993)
(0.0, 0.003800000064074993)
(0.0, 0.003800000064074993)
(0.0, 0.003800000064074993)
(0.0, 0.003800000064074993)
(0.0, 0.003800000064074993)
(0.0, 0.003800000064074993)
(0.0, 0.003800000064074993)
(0.0, 0.003800000064074993)
(0.0, 0.003800000064074993)
(0.10000000149011612, 0.004800000078976154)
(0.10000000149011612, 0.005800000093877315)
(0.0, 0.005800000093877315)
(0.0, 0.005800000093877315)
(0.10000000149011612, 0.006800000108778476)
(0.0, 0.006800000108778476)
(0.10000000149011612, 0.007800000123679638)
(0.10000000149011612, 0.008800000138580798)
(0.0, 0.008800000138580798)
(0.20000000298023224, 0.010800000168383122)
(0.0, 0.010800000168383122)
(0.0, 0.010800000168383122)
(0.0, 0.010800000168383122)
(0.09000000171363354, 0.011700000185519456)
(0.10000000149011612, 0.012700000200420619)
(0.0, 0.012700000200420619)
(0.10000000149011612, 0.01370000021532178)
(0.10000000149011612, 0.014700000230222941)
(0.0, 0.014700000230222941)
(0.10000000149011612, 0.0157000002451241)
(0.0, 0.0157000002451241)
(0.10000000149011612, 0.01670000026002526)
(0.0, 0.01670000026002526)
(0.0, 0.01670000026002526)
(0.10000000149011612, 0.017700000274926422)
(0.0, 0.017700000274926422)
(0.0, 0.017700000274926422)
(0.0, 0.017700000274926422)
(0.0, 0.017700000274926422)
(0.10000000149011612, 0.018700000289827587)
(0.10000000149011612, 0.019700000304728748)
(0.0, 0.019700000304728748)
(0.0, 0.019700000304728748)
(0.20000000298023224, 0.02170000033453107)
(0.0, 0.02170000033453107)
(0.10000000149011612, 0.02270000034943223)
(0.10000000149011612, 0.023700000364333392)
(0.09000000171363354, 0.024600000381469728)
(0.09000000171363354, 0.025500000398606063)
(0.0, 0.025500000398606063)
(0.10000000149011612, 0.026500000413507224)
(0.09000000171363354, 0.02740000043064356)
(0.0, 0.02740000043064356)
(0.0, 0.02740000043064356)
(0.0, 0.02740000043064356)
(0.0, 0.02740000043064356)
(0.10000000149011612, 0.02840000044554472)
(0.0, 0.02840000044554472)
(0.0, 0.02840000044554472)
(0.0, 0.02840000044554472)
(0.0, 0.02840000044554472)
(0.09000000171363354, 0.029300000462681056)
(0.0, 0.029300000462681056)
(0.0, 0.029300000462681056)
(0.0, 0.029300000462681056)
(0.10000000149011612, 0.030300000477582217)
(0.09000000171363354, 0.030300000477582217)
(0.0, 0.029300000462681056)
(0.0, 0.029300000462681056)
(0.09000000357627869, 0.030200000498443843)
(0.0, 0.030200000498443843)
(0.10000000149011612, 0.031200000513345004)
(0.10000000149011612, 0.03220000052824616)
(0.09000000171363354, 0.0331000005453825)
(0.10000000149011612, 0.03410000056028366)
(0.0, 0.03410000056028366)
(0.0, 0.03410000056028366)
(0.09000000171363354, 0.03500000057742)
(0.0, 0.03500000057742)
(0.0, 0.03500000057742)
(0.0, 0.03500000057742)
(0.0, 0.03410000056028366)
(0.0, 0.03410000056028366)
(0.0, 0.03410000056028366)
(0.0, 0.03410000056028366)
(0.09000000171363354, 0.03500000057742)
(0.0, 0.03500000057742)
(0.0, 0.03500000057742)
(0.0, 0.03400000056251883)
(0.0, 0.03400000056251883)
(0.10000000149011612, 0.03500000057742)
(0.0, 0.03500000057742)
(0.09000000171363354, 0.03590000059455633)
(0.0, 0.03590000059455633)
(0.10000000149011612, 0.036900000609457494)
(0.10000000149011612, 0.03790000062435865)
(0.09000000171363354, 0.03880000064149499)
(0.09000000171363354, 0.03970000065863132)
(0.0, 0.03970000065863132)
(0.10000000149011612, 0.04070000067353249)
(0.0, 0.04070000067353249)
(0.0, 0.04070000067353249)
(0.0, 0.04070000067353249)
(0.0, 0.04070000067353249)
(0.0, 0.04070000067353249)
(0.0, 0.04070000067353249)
(0.10000000149011612, 0.041700000688433644)
(0.10000000149011612, 0.04270000070333481)
(0.10000000149011612, 0.043700000718235966)
(0.0, 0.043700000718235966)
(0.0, 0.04270000070333481)
(0.09000000171363354, 0.04260000070556998)
(0.10000000149011612, 0.04360000072047114)
(0.09000000171363354, 0.04450000073760748)
(0.10000000149011612, 0.04450000073760748)
(0.0, 0.04450000073760748)
(0.10000000149011612, 0.04450000073760748)
(0.09000000171363354, 0.044400000739842654)
(0.0, 0.044400000739842654)
(0.10000000149011612, 0.04340000072494149)
(0.0, 0.04340000072494149)
(0.0, 0.04340000072494149)
(0.10000000149011612, 0.044400000739842654)
(0.0, 0.043500000722706315)
(0.0, 0.04250000070780516)
(0.09000000171363354, 0.04340000072494149)
(0.09000000171363354, 0.043300000727176664)
(0.10000000149011612, 0.043300000727176664)
(0.10000000149011612, 0.04430000074207783)
(0.0, 0.043300000727176664)
(0.0, 0.043300000727176664)
(0.10000000149011612, 0.043300000727176664)
(0.0, 0.043300000727176664)
(0.10000000149011612, 0.04430000074207783)
(0.10000000149011612, 0.04430000074207783)
(0.10000000149011612, 0.045300000756978986)
(0.0, 0.045300000756978986)
(0.0, 0.045300000756978986)
(0.0, 0.045300000756978986)
(0.10000000149011612, 0.045300000756978986)
(0.0, 0.04430000074207783)
(0.0, 0.04430000074207783)
(0.0, 0.04430000074207783)
(0.10000000149011612, 0.043300000727176664)
(0.0, 0.043300000727176664)
(0.0, 0.04230000071227551)
(0.10000000149011612, 0.04230000071227551)
(0.0, 0.04140000069513917)
(0.0, 0.040500000678002836)
(0.09000000171363354, 0.04140000069513917)
(0.10000000149011612, 0.04140000069513917)
(0.0, 0.040500000678002836)
(0.10000000149011612, 0.04150000069290399)
(0.0, 0.04150000069290399)
(0.10000000149011612, 0.04250000070780516)
(0.0, 0.04250000070780516)
(0.0, 0.04150000069290399)
(0.10000000149011612, 0.04250000070780516)
(0.10000000149011612, 0.043500000722706315)
(0.10000000149011612, 0.04450000073760748)
(0.0, 0.04450000073760748)
(0.10000000149011612, 0.044600000735372305)
(0.10000000149011612, 0.04560000075027346)
(0.10000000149011612, 0.04660000076517463)
(0.09000000171363354, 0.04750000078231096)
(0.0, 0.0465000007674098)
(0.10000000149011612, 0.04660000076517463)
(0.0, 0.04660000076517463)
(0.0, 0.04660000076517463)
(0.0, 0.04570000072941184)
(0.0, 0.04570000072941184)
(0.0, 0.044700000714510676)
(0.0, 0.04370000069960952)
(0.0, 0.04280000068247318)
(0.0, 0.04180000066757202)
(0.0, 0.04180000066757202)
(0.09000000171363354, 0.042700000684708354)
(0.0, 0.04180000066757202)
(0.09000000171363354, 0.042700000684708354)
(0.0, 0.042700000684708354)
(0.0, 0.042700000684708354)
(0.0, 0.042700000684708354)
(0.0, 0.042700000684708354)
(0.09000000171363354, 0.04360000070184469)
(0.10000000149011612, 0.04460000071674585)
(0.10000000149011612, 0.044700000714510676)
(0.0, 0.044700000714510676)
(0.0, 0.044700000714510676)
(0.0, 0.044700000714510676)
(0.0, 0.044700000714510676)
(0.0, 0.04370000069960952)
(0.10000000149011612, 0.044700000714510676)
(0.09000000171363354, 0.044700000714510676)
(0.10000000149011612, 0.04570000072941184)
(0.0, 0.044700000714510676)
(0.10000000149011612, 0.044700000714510676)
(0.0, 0.043800000697374344)
(0.0, 0.042900000680238005)
(0.0, 0.042900000680238005)
(0.0, 0.04190000066533685)
(0.30000000447034836, 0.04490000071004033)
(0.10000000149011612, 0.04590000072494149)
(0.0, 0.04590000072494149)
(0.10000000149011612, 0.04690000073984266)
(0.0, 0.04690000073984266)
(0.10000000149011612, 0.047900000754743814)
(0.0, 0.04690000073984266)
(0.0, 0.04590000072494149)
(0.10000000149011612, 0.04590000072494149)
(0.09000000171363354, 0.046800000742077824)
(0.09000000171363354, 0.04770000075921416)
(0.10000000149011612, 0.04780000075697899)
(0.4000000059604645, 0.050800000801682475)
(0.10000000149011612, 0.0509000007994473)
(0.10000000149011612, 0.0509000007994473)
(0.0, 0.0509000007994473)
(0.0, 0.049900000784546136)
(0.10000000149011612, 0.05000000078231096)
(0.10000000149011612, 0.051000000797212126)
(0.0, 0.05000000078231096)
(0.09000000171363354, 0.0509000007994473)
(0.0, 0.0509000007994473)
(0.09000000171363354, 0.050800000801682475)
(0.10000000149011612, 0.05180000081658363)
(0.09000000171363354, 0.05270000083371997)
(0.10000000149011612, 0.0528000008314848)
(0.10000000149011612, 0.05290000082924962)
(0.0, 0.05190000081434846)
(0.09000000171363354, 0.05180000081658363)
(0.10000000149011612, 0.0528000008314848)
(0.10000000149011612, 0.053800000846385955)
(0.09000000171363354, 0.05370000084862113)
(0.10000000149011612, 0.054700000863522294)
(0.09000000171363354, 0.05460000086575747)
(0.10000000149011612, 0.05460000086575747)
(0.10000000149011612, 0.05460000086575747)
(0.0, 0.05460000086575747)
(0.10000000149011612, 0.055600000880658626)
(0.10000000149011612, 0.05660000089555979)
(0.09000000171363354, 0.056500000897794965)
(0.10000000149011612, 0.05750000091269612)
(0.0, 0.05750000091269612)
(0.10000000149011612, 0.05850000092759729)
(0.10000000149011612, 0.05850000092759729)
(0.10000000149011612, 0.059500000942498445)
(0.10000000149011612, 0.06050000095739961)
(0.0, 0.059500000942498445)
(0.0, 0.059500000942498445)
(0.09000000171363354, 0.060400000959634784)
(0.10000000149011612, 0.06050000095739961)
(0.10000000149011612, 0.06050000095739961)
(0.10000000149011612, 0.06150000097230077)
(0.10000000149011612, 0.06150000097230077)
(0.0, 0.06150000097230077)
(0.10000000149011612, 0.06150000097230077)
(0.10000000149011612, 0.06250000098720193)
(0.0, 0.06250000098720193)
(0.10000000149011612, 0.06250000098720193)
(0.0, 0.06150000097230077)
(0.10000000149011612, 0.06150000097230077)
(0.0, 0.06150000097230077)
(0.10000000149011612, 0.06150000097230077)
(0.10000000149011612, 0.06150000097230077)
(0.0, 0.06050000095739961)
(0.0, 0.05960000094026327)
(0.0, 0.05960000094026327)
(0.0, 0.05860000092536211)
(0.10000000149011612, 0.05960000094026327)
(0.0, 0.05960000094026327)
(0.10000000149011612, 0.060600000955164435)
(0.10000000149011612, 0.06160000097006559)
(0.0, 0.06160000097006559)
(0.09000000171363354, 0.06250000098720193)
(0.10000000149011612, 0.0635000010021031)
(0.0, 0.0635000010021031)
(0.10000000149011612, 0.06450000101700425)
(0.09000000171363354, 0.06450000101700425)
(0.10000000149011612, 0.06550000103190541)
(0.10000000149011612, 0.06560000102967024)
(0.20000000298023224, 0.06760000105947256)
(0.10000000149011612, 0.06860000107437372)
(0.10000000149011612, 0.06960000108927489)
(0.10000000149011612, 0.07060000110417604)
(0.0, 0.0697000010870397)
(0.19000000320374966, 0.07060000110417604)
(0.10000000149011612, 0.07060000110417604)
(0.10000000149011612, 0.0716000011190772)
(0.10000000149011612, 0.07260000113397837)
(0.0, 0.07260000113397837)
(0.10000000149011612, 0.07360000114887953)
(0.0, 0.07360000114887953)
(0.10000000149011612, 0.07360000114887953)
(0.10000000149011612, 0.07370000114664435)
(0.10000000149011612, 0.07370000114664435)
(0.19000000320374966, 0.07560000117868185)
(0.10000000149011612, 0.07560000117868185)
(0.20000000298023224, 0.07760000120848418)
(0.10000000149011612, 0.07860000122338534)
(0.0, 0.07860000122338534)
(0.10000000149011612, 0.07960000123828649)
(0.0, 0.07660000119358301)
(0.10000000149011612, 0.07660000119358301)
(0.10000000149011612, 0.07760000120848418)
(0.10000000149011612, 0.07760000120848418)
(0.0, 0.07760000120848418)
(0.10000000149011612, 0.07760000120848418)
(0.10000000149011612, 0.07860000122338534)
(0.10000000149011612, 0.07960000123828649)
(0.10000000149011612, 0.07960000123828649)
(0.10000000149011612, 0.07970000123605132)
(0.10000000149011612, 0.07980000123381614)
(0.0, 0.07880000121891499)
(0.0, 0.07480000115931035)
(0.10000000149011612, 0.07480000115931035)
(0.10000000149011612, 0.07480000115931035)
(0.10000000149011612, 0.0758000011742115)
(0.10000000149011612, 0.07680000118911266)
(0.09000000171363354, 0.07670000119134784)
(0.10000000149011612, 0.07670000119134784)
(0.10000000149011612, 0.077700001206249)
(0.0, 0.07680000118911266)
(0.10000000149011612, 0.07780000120401383)
(0.10000000149011612, 0.07790000120177865)
(0.0, 0.0769000011868775)
(0.10000000149011612, 0.07700000118464231)
(0.10000000149011612, 0.07700000118464231)
(0.10000000149011612, 0.07700000118464231)
(0.10000000149011612, 0.07800000119954348)
(0.10000000149011612, 0.0781000011973083)
(0.10000000149011612, 0.0781000011973083)
(0.10000000149011612, 0.0781000011973083)
(0.10000000149011612, 0.07820000119507313)
(0.10000000149011612, 0.07820000119507313)
(0.10000000149011612, 0.07830000119283795)
(0.10000000149011612, 0.07830000119283795)
(0.0, 0.0773000011779368)
(0.10000000149011612, 0.07830000119283795)
(0.10000000149011612, 0.07830000119283795)
(0.10000000149011612, 0.07830000119283795)
(0.10000000149011612, 0.07840000119060278)
(0.0, 0.07740000117570162)
(0.10000000149011612, 0.07840000119060278)
(0.09000000171363354, 0.07830000119283795)
(0.10000000149011612, 0.07830000119283795)
(0.10000000149011612, 0.07830000119283795)
(0.10000000149011612, 0.07830000119283795)
(0.10000000149011612, 0.07930000120773911)
(0.0, 0.07930000120773911)
(0.10000000149011612, 0.07940000120550395)
(0.0, 0.07840000119060278)
(0.0, 0.07740000117570162)
(0.09000000171363354, 0.0773000011779368)
(0.10000000149011612, 0.0773000011779368)
(0.10000000149011612, 0.07830000119283795)
(0.10000000149011612, 0.07830000119283795)
(0.10000000149011612, 0.07830000119283795)
(0.10000000149011612, 0.07930000120773911)
(0.0, 0.07830000119283795)
(0.09000000171363354, 0.0792000012099743)
(0.10000000149011612, 0.0792000012099743)
(0.10000000149011612, 0.08020000122487544)
(0.09000000171363354, 0.08010000122711063)
(0.0, 0.07910000121220946)
(0.10000000149011612, 0.08010000122711063)
(0.10000000149011612, 0.08110000124201179)
(0.0, 0.08110000124201179)
(0.10000000149011612, 0.08210000125691294)
(0.10000000149011612, 0.08210000125691294)
(0.0, 0.08210000125691294)
(0.10000000149011612, 0.08210000125691294)
(0.09000000357627869, 0.08200000127777457)
(0.20000000298023224, 0.0840000013075769)
(0.10000000149011612, 0.08410000130534172)
(0.10000000149011612, 0.08410000130534172)
(0.09000000171363354, 0.08500000132247805)
(0.10000000149011612, 0.08500000132247805)
(0.10000000149011612, 0.08510000132024288)
(0.0, 0.08410000130534172)
(0.10000000149011612, 0.08410000130534172)
(0.10000000149011612, 0.08310000129044055)
(0.20000000298023224, 0.08410000130534172)
(0.4000000059604645, 0.0871000013500452)
(0.0, 0.08610000133514405)
(0.09000000171363354, 0.08700000135228038)
(0.20000000298023224, 0.0871000013500452)
(0.0, 0.08610000133514405)
(0.0, 0.08510000132024288)
(0.20000000298023224, 0.08610000133514405)
(0.09000000171363354, 0.08700000135228038)
(0.10000000149011612, 0.08700000135228038)
(0.10000000149011612, 0.08800000136718154)
(0.4000000059604645, 0.09100000141188502)
(0.20000000298023224, 0.09200000142678619)
(0.10000000149011612, 0.09200000142678619)
(0.10000000149011612, 0.09110000140964986)
(0.10000000149011612, 0.09110000140964986)
(0.10000000149011612, 0.09010000139474869)
(0.20000000298023224, 0.09110000140964986)
(0.10000000149011612, 0.092100001424551)
(0.20000000298023224, 0.09310000143945217)
(0.10000000149011612, 0.09410000145435334)
(0.10000000149011612, 0.09410000145435334)
(0.10000000149011612, 0.09410000145435334)
(0.10000000149011612, 0.09410000145435334)
(0.09000000171363354, 0.09500000147148967)
(0.0, 0.0940000014565885)
(0.10000000149011612, 0.0940000014565885)
(0.09000000171363354, 0.09390000145882368)
(0.10000000149011612, 0.09390000145882368)
(0.09000000171363354, 0.09380000146105885)
(0.10000000149011612, 0.09380000146105885)
(0.30000000447034836, 0.09680000150576235)
(0.10000000149011612, 0.0978000015206635)
(0.10000000149011612, 0.0978000015206635)
(0.10000000149011612, 0.0978000015206635)
(0.0, 0.09680000150576235)
(0.10000000149011612, 0.09680000150576235)
(0.10000000149011612, 0.09690000150352716)
(0.10000000149011612, 0.09690000150352716)
(0.09000000171363354, 0.09680000150576235)
(0.10000000149011612, 0.0978000015206635)
(0.10000000149011612, 0.0978000015206635)
(0.10000000149011612, 0.0978000015206635)
(0.09000000171363354, 0.09870000153779984)
(0.09000000171363354, 0.09860000154003501)
(0.09000000171363354, 0.09850000154227018)
(0.09000000171363354, 0.09840000154450536)
(0.10000000149011612, 0.09840000154450536)
(0.0, 0.0974000015296042)
(0.0, 0.09640000151470303)
(0.10000000149011612, 0.09640000151470303)
(0.09000000171363354, 0.09630000151693821)
(0.09000000171363354, 0.09620000151917338)
(0.09000000171363354, 0.09610000152140856)
(0.19000000320374966, 0.09700000153854489)
(0.09000000171363354, 0.09790000155568122)
(0.20000000298023224, 0.09890000157058239)
(0.19000000320374966, 0.09980000158771872)
(0.10000000149011612, 0.09980000158771872)
(0.10000000149011612, 0.09980000158771872)
(0.20000000298023224, 0.10180000161752105)
(0.10000000149011612, 0.10180000161752105)
(0.10000000149011612, 0.10190000161528587)
(0.10000000149011612, 0.10190000161528587)
(0.10000000149011612, 0.10190000161528587)
(0.20000000298023224, 0.10290000163018703)
(0.20000000298023224, 0.1039000016450882)
(0.09000000171363354, 0.10480000166222453)
(0.10000000149011612, 0.10480000166222453)
(0.10000000149011612, 0.1058000016771257)
(0.10000000149011612, 0.10680000169202686)
(0.09000000171363354, 0.10680000169202686)
(1.4000000208616257, 0.11980000188574196)
(0.2900000065565109, 0.1217000019364059)
(1.5000000223517418, 0.13570000214502215)
(0.20000000298023224, 0.1367000021599233)
(0.09000000171363354, 0.13660000216215848)
(0.10000000149011612, 0.13760000217705964)
(0.09000000171363354, 0.13760000217705964)
(0.10000000149011612, 0.13760000217705964)
(0.10000000149011612, 0.13760000217705964)
(0.09000000171363354, 0.13760000217705964)
(0.09000000171363354, 0.13850000219419598)
(2.600000038743019, 0.163500002566725)
(2.7000000402331352, 0.1895000029541552)
(0.0, 0.1895000029541552)
(0.10000000149011612, 0.1895000029541552)
(0.09000000171363354, 0.18940000295639037)
(0.10000000149011612, 0.19040000297129153)
(0.10000000149011612, 0.19040000297129153)
(0.19000000320374966, 0.19140000296756626)
(0.30000000447034836, 0.1924000029824674)
(1.5000000223517418, 0.20640000319108368)
(0.10000000149011612, 0.20640000319108368)
(0.10000000149011612, 0.2065000031888485)
(0.10000000149011612, 0.2065000031888485)
(0.10000000149011612, 0.2065000031888485)
(0.10000000149011612, 0.20750000320374964)
(0.10000000149011612, 0.20750000320374964)
(0.20000000298023224, 0.2085000032186508)
(1.0000000149011612, 0.2165000033378601)
(0.10000000149011612, 0.21350000329315663)
(0.19000000320374966, 0.21540000332519413)
(0.10000000149011612, 0.21550000332295893)
(0.20000000298023224, 0.21550000332295893)
(1.5000000223517418, 0.23050000354647637)
(0.20000000298023224, 0.23250000357627867)
(0.19000000320374966, 0.23240000357851387)
(0.20000000298023224, 0.23350000359117984)
(0.09000000171363354, 0.23340000359341503)
(0.10000000149011612, 0.23340000359341503)
(0.10000000149011612, 0.23040000354871154)
(0.09000000171363354, 0.22930000353604554)
(1.1000000163912773, 0.23930000368505716)
(0.10000000149011612, 0.23930000368505716)
(0.3900000061839819, 0.24220000373199582)
(0.20000000298023224, 0.243200003746897)
(0.10000000149011612, 0.24220000373199582)
(0.5000000074505806, 0.24620000379160045)
(0.9000000134110451, 0.2532000038959086)
(0.10000000149011612, 0.2532000038959086)
(0.20000000298023224, 0.25420000391080977)
(0.10000000149011612, 0.25420000391080977)
(0.6000000089406967, 0.25920000398531556)
(0.19000000320374966, 0.2602000040002167)
(0.10000000149011612, 0.2612000040151179)
(0.6000000089406967, 0.2662000040896237)
(1.5900000240653753, 0.2812000043131411)
(0.20000000298023224, 0.28220000432804226)
(0.10000000149011612, 0.2823000043258071)
(0.09000000171363354, 0.28220000432804226)
(0.10000000149011612, 0.28020000429823994)
(0.10000000149011612, 0.28020000429823994)
(0.10000000149011612, 0.28020000429823994)
(0.10000000149011612, 0.28020000429823994)
(0.10000000149011612, 0.2812000043131411)
(0.10000000149011612, 0.2812000043131411)
(0.10000000149011612, 0.2812000043131411)
(0.30000000447034836, 0.28320000434294346)
(0.09000000171363354, 0.28320000434294346)
(0.800000011920929, 0.2902000044472516)
(0.10000000149011612, 0.2902000044472516)
(0.10000000149011612, 0.2902000044472516)
(0.4000000059604645, 0.2933000044897199)
(0.10000000149011612, 0.2934000044874847)
(0.10000000149011612, 0.29350000448524954)
(2.600000038743019, 0.31860000485554335)
(0.0, 0.3176000048406422)
(0.20000000298023224, 0.31960000487044454)
(0.20000000298023224, 0.32160000490024687)
(0.10000000149011612, 0.32160000490024687)
(0.30000000447034836, 0.32370000492781403)
(0.10000000149011612, 0.3238000049255788)
(0.5000000074505806, 0.3279000049829483)
(0.19000000320374966, 0.3279000049829483)
(1.1000000163912773, 0.3380000051297247)
(0.10000000149011612, 0.3370000051148236)
(0.6000000089406967, 0.3411000051721931)
(0.7900000121444464, 0.34800000527873637)
(0.7000000104308128, 0.3540000053681433)
(0.10000000149011612, 0.35300000535324216)
(0.10000000149011612, 0.35300000535324216)
(0.30000000447034836, 0.3550000053830445)
(0.10000000149011612, 0.3550000053830445)
(0.800000011920929, 0.3620000054873526)
(0.30000000447034836, 0.36300000550225375)
(0.7000000104308128, 0.3680000055767596)
(0.10000000149011612, 0.3681000055745244)
(0.10000000149011612, 0.3681000055745244)
(0.10000000149011612, 0.3681000055745244)
(0.5000000074505806, 0.37210000563412904)
(0.20000000298023224, 0.373200005646795)
(0.20000000298023224, 0.3612000054679811)
(0.20000000298023224, 0.3603000054322183)
(0.10000000149011612, 0.34630000522360205)
(0.10000000149011612, 0.3453000052087009)
(0.30000000447034836, 0.347400005236268)
(0.10000000149011612, 0.347400005236268)
(0.10000000149011612, 0.34750000523403285)
(0.10000000149011612, 0.34750000523403285)
(0.10000000149011612, 0.34750000523403285)
(0.10000000149011612, 0.3476000052317977)
(0.20000000298023224, 0.3487000052444637)
(0.10000000149011612, 0.3237000048719347)
(0.20000000298023224, 0.29870000449940565)
(0.6000000089406967, 0.3047000045888126)
(0.10000000149011612, 0.3047000045888126)
(0.19000000320374966, 0.30570000460371377)
(0.10000000149011612, 0.30570000460371377)
(0.19000000320374966, 0.3066000046208501)
(0.10000000149011612, 0.30570000460371377)
(0.10000000149011612, 0.30370000457391144)
(0.10000000149011612, 0.2897000043652952)
(0.09000000171363354, 0.28960000436753036)
(0.4000000059604645, 0.2926000044122338)
(0.5000000074505806, 0.2966000044718385)
(0.4000000059604645, 0.29960000451654195)
(0.20000000298023224, 0.30060000453144314)
(0.10000000149011612, 0.30060000453144314)
(0.10000000149011612, 0.29960000451654195)
(1.390000021085143, 0.3035000045783818)
(0.20000000298023224, 0.3045000045932829)
(0.20000000298023224, 0.30460000459104775)
(0.10000000149011612, 0.30460000459104775)
(0.10000000149011612, 0.3036000045761466)
(0.6000000089406967, 0.29460000444203616)
(0.10000000149011612, 0.29360000442713496)
(0.09000000171363354, 0.2926000044122338)
(0.19000000320374966, 0.292500004414469)
(0.20000000298023224, 0.29360000442713496)
(0.20000000298023224, 0.29460000444203616)
(0.20000000298023224, 0.2956000044569373)
(0.20000000298023224, 0.2967000044696033)
(0.20000000298023224, 0.28770000433549286)
(0.10000000149011612, 0.28770000433549286)
(0.10000000149011612, 0.2848000042885542)
(0.30000000447034836, 0.28580000430345537)
(1.0000000149011612, 0.2948000044375658)
(0.5000000074505806, 0.2948000044375658)
(0.10000000149011612, 0.2868000043183565)
(0.10000000149011612, 0.2868000043183565)
(0.10000000149011612, 0.28580000430345537)
(0.20000000298023224, 0.2868000043183565)
(0.10000000149011612, 0.2818000042438507)
(0.20000000298023224, 0.28190000424161554)
(0.10000000149011612, 0.28190000424161554)
(0.19000000320374966, 0.27780000418424605)
(0.20000000298023224, 0.26390000397339464)
(0.10000000149011612, 0.26290000395849344)
(0.10000000149011612, 0.26290000395849344)
(0.20000000298023224, 0.26400000397115947)
(0.10000000149011612, 0.26400000397115947)
(0.30000000447034836, 0.2660000040009618)
(0.20000000298023224, 0.26700000401586294)
(0.20000000298023224, 0.2680000040307641)
(0.09000000171363354, 0.2679000040329993)
(0.09000000171363354, 0.26780000403523446)
(0.10000000149011612, 0.26780000403523446)
(1.0000000149011612, 0.2748000041395426)
(0.20000000298023224, 0.27590000415220856)
(0.10000000149011612, 0.26890000404790043)
(0.10000000149011612, 0.26890000404790043)
(0.20000000298023224, 0.2699000040628016)
(0.20000000298023224, 0.2679000040329993)
(0.10000000149011612, 0.2679000040329993)
(0.10000000149011612, 0.2679000040329993)
(0.09000000171363354, 0.24280000366270543)
(0.10000000149011612, 0.24380000367760657)
(0.10000000149011612, 0.24280000366270543)
(0.20000000298023224, 0.24280000366270543)
(0.20000000298023224, 0.24380000367760657)
(0.10000000149011612, 0.24180000364780427)
(0.20000000298023224, 0.24280000366270543)
(0.20000000298023224, 0.23980000361800194)
(0.09000000171363354, 0.23880000360310077)
(0.10000000149011612, 0.22880000345408916)
(0.09000000171363354, 0.22870000345632435)
(0.20000000298023224, 0.2247000033967197)
(0.20000000298023224, 0.21880000330507754)
(0.5000000074505806, 0.21680000327527524)
(0.10000000149011612, 0.21680000327527524)
(0.10000000149011612, 0.21680000327527524)
(0.20000000298023224, 0.21580000326037407)
(0.20000000298023224, 0.21680000327527524)
(0.20000000298023224, 0.21080000318586825)
(0.10000000149011612, 0.20880000315606595)
(0.20000000298023224, 0.20380000308156013)
(0.4000000059604645, 0.20680000312626362)
(0.09000000171363354, 0.2067000031284988)
(0.5000000074505806, 0.21070000318810345)
(0.5000000074505806, 0.21070000318810345)
(0.10000000149011612, 0.20970000317320228)
(0.5000000074505806, 0.21270000321790575)
(0.10000000149011612, 0.2117000032030046)
(0.30000000447034836, 0.2137000032328069)
(0.10000000149011612, 0.2137000032328069)
(0.30000000447034836, 0.2137000032328069)
(0.10000000149011612, 0.2137000032328069)
(0.20000000298023224, 0.21470000324770808)
(0.10000000149011612, 0.21470000324770808)
(1.2000000178813934, 0.22570000341162086)
(0.10000000149011612, 0.22570000341162086)
(0.10000000149011612, 0.2247000033967197)
(0.20000000298023224, 0.22570000341162086)
(0.09000000171363354, 0.22460000339895486)
(0.10000000149011612, 0.21960000332444907)
(0.10000000149011612, 0.21960000332444907)
(0.800000011920929, 0.22570000341162086)
(0.20000000298023224, 0.22670000342652202)
(0.10000000149011612, 0.2258000034093857)
(0.20000000298023224, 0.22680000342428686)
(0.10000000149011612, 0.22680000342428686)
(0.10000000149011612, 0.22680000342428686)
(0.10000000149011612, 0.22690000342205166)
(0.20000000298023224, 0.22490000339224936)
(0.0, 0.21990000331774354)
(0.20000000298023224, 0.2179000032879412)
(0.10000000149011612, 0.21690000327304004)
(0.2900000046938658, 0.21880000330507754)
(0.10000000149011612, 0.21880000330507754)
(0.4000000059604645, 0.20890000315383075)
(1.8000000268220901, 0.22490000339224936)
(0.4000000059604645, 0.22690000342205166)
(0.10000000149011612, 0.22690000342205166)
(0.10000000149011612, 0.22690000342205166)
(0.20000000298023224, 0.22290000336244703)
(0.10000000149011612, 0.22290000336244703)
(0.20000000298023224, 0.224000003375113)
(0.0, 0.2221000033430755)
(0.7900000121444464, 0.22800000343471766)
(0.20000000298023224, 0.22800000343471766)
(0.10000000149011612, 0.2270000034198165)
(0.20000000298023224, 0.2270000034198165)
(1.4000000208616257, 0.23900000359863044)
(2.600000038743019, 0.26400000397115947)
(0.490000007674098, 0.2679000040329993)
(0.20000000298023224, 0.2669000040180981)
(0.20000000298023224, 0.25890000389888884)
(0.10000000149011612, 0.2549000038392842)
(0.10000000149011612, 0.2549000038392842)
(0.20000000298023224, 0.2559000038541853)
(1.1000000163912773, 0.26590000400319697)
(1.1000000163912773, 0.2749000041373074)
(1.5000000223517418, 0.28890000434592367)
(0.9000000134110451, 0.2959000044502318)
(0.20000000298023224, 0.2969000044651329)
(0.10000000149011612, 0.2960000044479966)
(1.700000025331974, 0.311000004671514)
(0.10000000149011612, 0.311000004671514)
(0.4000000059604645, 0.31400000471621753)
(0.10000000149011612, 0.31300000470131634)
(0.4000000059604645, 0.31600000474601986)
(0.20000000298023224, 0.31500000473111867)
(0.5000000074505806, 0.3180000047758222)
(0.10000000149011612, 0.317000004760921)
(0.20000000298023224, 0.31810000477358696)
(0.10000000149011612, 0.3182000047713518)
(0.09000000171363354, 0.31810000477358696)
(0.10000000149011612, 0.3091000046394765)
(0.10000000149011612, 0.3081000046245754)
(0.10000000149011612, 0.3081000046245754)
(0.10000000149011612, 0.3081000046245754)
(0.20000000298023224, 0.3081000046245754)
(0.20000000298023224, 0.3081000046245754)
(0.2900000046938658, 0.31000000465661287)
(0.6000000089406967, 0.31500000473111867)
(0.10000000149011612, 0.3151000047288835)
(0.20000000298023224, 0.3161000047437847)
(0.4000000059604645, 0.31910000478848816)
(0.10000000149011612, 0.31810000477358696)
(0.20000000298023224, 0.31810000477358696)
(0.10000000149011612, 0.31810000477358696)
(0.10000000149011612, 0.3171000047586858)
(0.10000000149011612, 0.3161000047437847)
(0.10000000149011612, 0.31620000474154947)
(0.19000000320374966, 0.3171000047586858)
(0.20000000298023224, 0.3182000047713518)
(0.800000011920929, 0.3242000048607588)
(0.0, 0.32220000483095645)
(0.6900000106543303, 0.32410000486299395)
(0.19000000320374966, 0.3250000048801303)
(0.6000000089406967, 0.3300000049546361)
(0.09000000171363354, 0.32890000494197014)
(0.20000000298023224, 0.32890000494197014)
(0.10000000149011612, 0.32790000492706894)
(0.30000000447034836, 0.3299000049568713)
(0.30000000447034836, 0.3309000049717724)
(0.10000000149011612, 0.32790000492706894)
(0.10000000149011612, 0.3280000049248338)
(0.5000000074505806, 0.3280000049248338)
(0.20000000298023224, 0.3250000048801303)
(0.20000000298023224, 0.32600000489503145)
(0.20000000298023224, 0.323000004850328)
(0.20000000298023224, 0.3240000048652291)
(0.9000000134110451, 0.3300000049546361)
(0.490000007674098, 0.33390000501647593)
(0.5000000074505806, 0.33590000504627826)
(0.10000000149011612, 0.33590000504627826)
(0.10000000149011612, 0.33490000503137707)
(0.20000000298023224, 0.33590000504627826)
(0.20000000298023224, 0.3259000048972666)
(0.30000000447034836, 0.32790000492706894)
(0.20000000298023224, 0.32890000494197014)
(0.20000000298023224, 0.32890000494197014)
(0.20000000298023224, 0.3300000049546361)
(0.2900000046938658, 0.3319000049866736)
(0.4000000059604645, 0.33490000503137707)
(0.20000000298023224, 0.32890000494197014)
(0.20000000298023224, 0.32890000494197014)
(1.3000000193715096, 0.34090000512078406)
(0.2900000046938658, 0.34180000513792036)
(0.10000000149011612, 0.34180000513792036)
(0.09000000171363354, 0.3417000051401555)
(0.490000007674098, 0.34560000520199535)
(0.2900000046938658, 0.3465000052191317)
(0.10000000149011612, 0.34750000523403285)
(0.9000000134110451, 0.354500005338341)
(0.30000000447034836, 0.3565000053681433)
(0.10000000149011612, 0.3546000053361058)
(0.10000000149011612, 0.3546000053361058)
(0.9000000134110451, 0.35960000541061166)
(0.4000000059604645, 0.34560000520199535)
(2.600000038743019, 0.3676000055298209)
(0.30000000447034836, 0.36960000555962325)
(0.4000000059604645, 0.3726000056043267)
(0.30000000447034836, 0.3736000056192279)
(0.10000000149011612, 0.3736000056192279)
(0.20000000298023224, 0.3736000056192279)
(0.10000000149011612, 0.37460000563412904)
(0.30000000447034836, 0.3697000055573881)
(0.19000000320374966, 0.36960000555962325)
(0.19000000320374966, 0.37050000557675955)
(0.7000000104308128, 0.3755000056512654)
(0.10000000149011612, 0.3625000054575503)
(0.0, 0.3365000050701201)
(0.10000000149011612, 0.3326000050082803)
(0.30000000447034836, 0.33360000502318143)
(0.10000000149011612, 0.3326000050082803)
(0.4000000059604645, 0.33560000505298376)
(0.20000000298023224, 0.3366000050678849)
(0.4000000059604645, 0.33860000509768723)
(0.0, 0.32760000493377445)
(0.09000000171363354, 0.317500004786998)
(0.20000000298023224, 0.3045000045932829)
(0.0, 0.29550000445917246)
(0.20000000298023224, 0.29550000445917246)
(0.19000000320374966, 0.2964000044763088)
(0.0, 0.2794000042229891)
(0.20000000298023224, 0.28040000423789024)
(0.0, 0.2764000041782856)
(0.20000000298023224, 0.2774000041931868)
(0.09000000171363354, 0.2743000041507184)
(0.19000000320374966, 0.27420000415295365)
(0.5000000074505806, 0.27420000415295365)
(0.9000000134110451, 0.2822000042721629)
(0.20000000298023224, 0.2822000042721629)
(0.09000000171363354, 0.2821000042743981)
(0.3900000061839819, 0.2851000043191016)
(2.600000038743019, 0.3101000046916306)
(2.600000038743019, 0.33510000506415966)
(0.5000000074505806, 0.33910000512376426)
(2.600000038743019, 0.3641000054962933)
(2.600000038743019, 0.3881000058539212)
(0.10000000149011612, 0.38710000583902)
(2.600000038743019, 0.4102000061795115)
(1.1000000163912773, 0.4152000062540174)
(1.1000000163912773, 0.42520000640302896)
(1.0000000149011612, 0.4332000065222383)
(1.3000000193715096, 0.44220000665634873)
(0.10000000149011612, 0.44220000665634873)
(1.700000025331974, 0.4572000068798661)
(2.500000037252903, 0.481200007237494)
(2.600000038743019, 0.506200007610023)
