(0.0, 0.0)
(0.0, 0.0)
(0.0, 0.0)
(0.0, 0.0)
(0.0, 0.0)
(0.0, 0.0)
(0.0, 0.0)
(0.0, 0.0)
(0.0, 0.0)
(0.0, 0.0)
(0.0, 0.0)
(0.0, 0.0)
(0.0, 0.0)
(0.0, 0.0)
(0.0, 0.0)
(0.0, 0.0)
(0.0, 0.0)
(0.0, 0.0)
(0.0, 0.0)
(0.0, 0.0)
(0.0, 0.0)
(0.0, 0.0)
(0.0, 0.0)
(0.0, 0.0)
(0.0, 0.0)
(0.0, 0.0)
(0.0, 0.0)
(0.0, 0.0)
(0.0, 0.0)
(0.0, 0.0)
(0.0, 0.0)
(0.0, 0.0)
(0.0, 0.0)
(0.0, 0.0)
(0.0, 0.0)
(0.0, 0.0)
(0.0, 0.0)
(0.0, 0.0)
(0.0, 0.0)
(0.0, 0.0)
(0.10000000149011612, 0.002439024426588198)
(0.09000000171363354, 0.004523809600089278)
(0.10000000149011612, 0.006744186155671297)
(0.0, 0.006590909197587858)
(0.0, 0.006444444548752573)
(0.0, 0.006304347928127517)
(0.0, 0.006170212865826931)
(0.0, 0.006041666764455537)
(0.0, 0.005918367442731954)
(0.0, 0.005800000093877315)
(0.0, 0.005686274601840505)
(0.0, 0.005576923167189727)
(0.0, 0.005471698201771053)
(0.0, 0.005370370457293811)
(0.0, 0.005272727358070287)
(0.0, 0.005178571512390461)
(0.0, 0.005087719380594136)
(0.0, 0.00500000008092872)
(0.0, 0.004915254316845183)
(0.0, 0.00483333341156443)
(0.0, 0.004754098437604357)
(0.0, 0.004677419430546222)
(0.0, 0.004603174677680409)
(0.10000000149011612, 0.006093750096624717)
(0.0, 0.006000000095138183)
(0.0, 0.005909091002787604)
(0.0, 0.005820895614686297)
(0.0, 0.005735294208587969)
(0.0, 0.005652174002666405)
(0.0, 0.00557142865977117)
(0.0, 0.0054929578335772096)
(0.0, 0.005416666752555304)
(0.0, 0.005342465838136738)
(0.0, 0.005270270353837593)
(0.0, 0.005200000082453092)
(0.0, 0.005131579028736604)
(0.0, 0.005064935145246518)
(0.0, 0.005000000079281819)
(0.0, 0.004936708939037746)
(0.0, 0.004875000077299773)
(0.0, 0.00481481489116027)
(0.0, 0.004756097636390023)
(0.0, 0.004698795255228698)
(0.0, 0.0046428572164759745)
(0.0, 0.004588235366870376)
(0.0, 0.004534883792836999)
(0.0, 0.004482758691769907)
(0.0, 0.004431818252090703)
(0.0, 0.004382022541393055)
(0.0, 0.004333333402044243)
(0.0, 0.004285714353670131)
(0.0, 0.0042391305019998035)
(0.0, 0.004193548453591203)
(0.0, 0.004148936235999807)
(0.0, 0.004105263222989283)
(0.0, 0.004062500064416478)
(0.0, 0.004020618620453421)
(0.0, 0.00397959189983655)
(0.0, 0.003939394001858403)
(0.0, 0.003900000061839819)
(0.0, 0.003900000061839819)
(0.0, 0.003900000061839819)
(0.0, 0.003900000061839819)
(0.0, 0.003900000061839819)
(0.0, 0.003900000061839819)
(0.0, 0.003900000061839819)
(0.0, 0.003900000061839819)
(0.0, 0.003900000061839819)
(0.0, 0.003900000061839819)
(0.0, 0.003900000061839819)
(0.0, 0.003900000061839819)
(0.0, 0.003900000061839819)
(0.0, 0.003900000061839819)
(0.0, 0.003900000061839819)
(0.0, 0.003900000061839819)
(0.0, 0.003900000061839819)
(0.0, 0.003900000061839819)
(0.0, 0.003900000061839819)
(0.0, 0.003900000061839819)
(0.0, 0.003900000061839819)
(0.0, 0.003900000061839819)
(0.0, 0.003900000061839819)
(0.0, 0.003900000061839819)
(0.0, 0.003900000061839819)
(0.0, 0.003900000061839819)
(0.0, 0.003900000061839819)
(0.0, 0.003900000061839819)
(0.0, 0.003900000061839819)
(0.0, 0.003900000061839819)
(0.0, 0.003900000061839819)
(0.0, 0.003900000061839819)
(0.0, 0.003900000061839819)
(0.0, 0.003900000061839819)
(0.0, 0.003900000061839819)
(0.0, 0.003900000061839819)
(0.0, 0.003900000061839819)
(0.0, 0.003900000061839819)
(0.0, 0.003900000061839819)
(0.0, 0.003900000061839819)
(0.0, 0.003900000061839819)
(0.0, 0.0029000000469386576)
(0.0, 0.0020000000298023225)
(0.0, 0.0010000000149011613)
(0.0, 0.0010000000149011613)
(0.0, 0.0010000000149011613)
(0.0, 0.0010000000149011613)
(0.0, 0.0010000000149011613)
(0.0, 0.0010000000149011613)
(0.0, 0.0010000000149011613)
(0.0, 0.0010000000149011613)
(0.0, 0.0010000000149011613)
(0.0, 0.0010000000149011613)
(0.0, 0.0010000000149011613)
(0.0, 0.0010000000149011613)
(0.0, 0.0010000000149011613)
(0.0, 0.0010000000149011613)
(0.0, 0.0010000000149011613)
(0.0, 0.0010000000149011613)
(0.0, 0.0010000000149011613)
(0.0, 0.0010000000149011613)
(0.0, 0.0010000000149011613)
(0.0, 0.0010000000149011613)
(0.0, 0.0010000000149011613)
(0.0, 0.0)
(0.0, 0.0)
(0.0, 0.0)
(0.0, 0.0)
(0.0, 0.0)
(0.0, 0.0)
(0.0, 0.0)
(0.0, 0.0)
(0.0, 0.0)
(0.0, 0.0)
(0.0, 0.0)
(0.0, 0.0)
(0.0, 0.0)
(0.0, 0.0)
(0.0, 0.0)
(0.0, 0.0)
(0.0, 0.0)
(0.0, 0.0)
(0.0, 0.0)
(0.0, 0.0)
(0.0, 0.0)
(0.0, 0.0)
(0.0, 0.0)
(0.0, 0.0)
(0.0, 0.0)
(0.0, 0.0)
(0.0, 0.0)
(0.0, 0.0)
(0.0, 0.0)
(0.0, 0.0)
(0.0, 0.0)
(0.0, 0.0)
(0.0, 0.0)
(0.0, 0.0)
(0.0, 0.0)
(0.0, 0.0)
(0.0, 0.0)
(0.0, 0.0)
(0.0, 0.0)
(0.0, 0.0)
(0.0, 0.0)
(0.0, 0.0)
(0.0, 0.0)
(0.0, 0.0)
(0.0, 0.0)
(0.0, 0.0)
(0.0, 0.0)
(0.0, 0.0)
(0.0, 0.0)
(0.0, 0.0)
(0.10000000149011612, 0.0010000000149011613)
(0.0, 0.0010000000149011613)
(0.0, 0.0010000000149011613)
(0.0, 0.0010000000149011613)
(0.10000000149011612, 0.0020000000298023225)
(0.0, 0.0020000000298023225)
(0.0, 0.0020000000298023225)
(0.0, 0.0020000000298023225)
(0.09000000171363354, 0.0029000000469386576)
(0.0, 0.0029000000469386576)
(0.0, 0.0029000000469386576)
(0.0, 0.0029000000469386576)
(0.0, 0.0029000000469386576)
(0.0, 0.0029000000469386576)
(0.0, 0.0029000000469386576)
(0.0, 0.0029000000469386576)
(0.0, 0.0029000000469386576)
(0.0, 0.0029000000469386576)
(0.0, 0.0029000000469386576)
(0.0, 0.0029000000469386576)
(0.0, 0.0029000000469386576)
(0.0, 0.0029000000469386576)
(0.0, 0.0029000000469386576)
(0.0, 0.0029000000469386576)
(0.0, 0.0029000000469386576)
(0.0, 0.0029000000469386576)
(0.0, 0.0029000000469386576)
(0.0, 0.0029000000469386576)
(0.0, 0.0029000000469386576)
(0.0, 0.0029000000469386576)
(0.0, 0.0029000000469386576)
(0.0, 0.0029000000469386576)
(0.0, 0.0029000000469386576)
(0.0, 0.0029000000469386576)
(0.0, 0.0029000000469386576)
(0.0, 0.0029000000469386576)
(0.0, 0.0029000000469386576)
(0.0, 0.0029000000469386576)
(0.0, 0.0029000000469386576)
(0.0, 0.0029000000469386576)
(0.0, 0.0029000000469386576)
(0.0, 0.0029000000469386576)
(0.0, 0.0029000000469386576)
(0.0, 0.0029000000469386576)
(0.0, 0.0029000000469386576)
(0.0, 0.0029000000469386576)
(0.0, 0.0029000000469386576)
(0.0, 0.0029000000469386576)
(0.0, 0.0029000000469386576)
(0.0, 0.0029000000469386576)
(0.0, 0.0029000000469386576)
(0.0, 0.0029000000469386576)
(0.0, 0.0029000000469386576)
(0.0, 0.0029000000469386576)
(0.0, 0.0029000000469386576)
(0.0, 0.0029000000469386576)
(0.0, 0.0029000000469386576)
(0.0, 0.0029000000469386576)
(0.0, 0.0029000000469386576)
(0.0, 0.0029000000469386576)
(0.0, 0.0029000000469386576)
(0.0, 0.0029000000469386576)
(0.0, 0.0029000000469386576)
(0.0, 0.0029000000469386576)
(0.0, 0.0029000000469386576)
(0.0, 0.0029000000469386576)
(0.0, 0.0029000000469386576)
(0.0, 0.0029000000469386576)
(0.09000000171363354, 0.003800000064074993)
(0.0, 0.003800000064074993)
(0.0, 0.003800000064074993)
(0.0, 0.003800000064074993)
(0.0, 0.003800000064074993)
(0.0, 0.003800000064074993)
(0.0, 0.003800000064074993)
(0.0, 0.003800000064074993)
(0.0, 0.003800000064074993)
(0.0, 0.003800000064074993)
(0.0, 0.003800000064074993)
(0.0, 0.003800000064074993)
(0.0, 0.003800000064074993)
(0.0, 0.003800000064074993)
(0.0, 0.003800000064074993)
(0.0, 0.003800000064074993)
(0.0, 0.003800000064074993)
(0.0, 0.003800000064074993)
(0.0, 0.003800000064074993)
(0.0, 0.003800000064074993)
(0.0, 0.003800000064074993)
(0.0, 0.003800000064074993)
(0.0, 0.003800000064074993)
(0.0, 0.003800000064074993)
(0.0, 0.003800000064074993)
(0.0, 0.003800000064074993)
(0.0, 0.003800000064074993)
(0.0, 0.003800000064074993)
(0.10000000149011612, 0.004800000078976154)
(0.0, 0.004800000078976154)
(0.0, 0.004800000078976154)
(0.0, 0.004800000078976154)
(0.0, 0.003800000064074993)
(0.0, 0.003800000064074993)
(0.0, 0.003800000064074993)
(0.0, 0.003800000064074993)
(0.0, 0.002800000049173832)
(0.0, 0.002800000049173832)
(0.0, 0.002800000049173832)
(0.0, 0.002800000049173832)
(0.0, 0.0019000000320374966)
(0.0, 0.0019000000320374966)
(0.0, 0.0019000000320374966)
(0.0, 0.0019000000320374966)
(0.0, 0.0019000000320374966)
(0.0, 0.0019000000320374966)
(0.09000000171363354, 0.002800000049173832)
(0.0, 0.002800000049173832)
(0.0, 0.002800000049173832)
(0.10000000149011612, 0.003800000064074993)
(0.10000000149011612, 0.004800000078976154)
(0.0, 0.004800000078976154)
(0.0, 0.004800000078976154)
(0.0, 0.004800000078976154)
(0.10000000149011612, 0.005800000093877315)
(0.0, 0.005800000093877315)
(0.0, 0.005800000093877315)
(0.0, 0.005800000093877315)
(0.0, 0.005800000093877315)
(0.10000000149011612, 0.006800000108778476)
(0.10000000149011612, 0.007800000123679638)
(0.0, 0.007800000123679638)
(0.0, 0.007800000123679638)
(0.0, 0.007800000123679638)
(0.09000000171363354, 0.008700000140815973)
(0.10000000149011612, 0.009700000155717134)
(0.10000000149011612, 0.010700000170618295)
(0.0, 0.010700000170618295)
(0.0, 0.010700000170618295)
(0.0, 0.010700000170618295)
(0.0, 0.010700000170618295)
(0.0, 0.010700000170618295)
(0.0, 0.010700000170618295)
(0.0, 0.010700000170618295)
(0.0, 0.010700000170618295)
(0.0, 0.010700000170618295)
(0.0, 0.010700000170618295)
(0.0, 0.010700000170618295)
(0.0, 0.010700000170618295)
(0.10000000149011612, 0.011700000185519456)
(0.20000000298023224, 0.01370000021532178)
(0.0, 0.01370000021532178)
(0.10000000149011612, 0.014700000230222941)
(0.0, 0.014700000230222941)
(0.0, 0.014700000230222941)
(0.0, 0.014700000230222941)
(0.0, 0.014700000230222941)
(0.0, 0.014700000230222941)
(0.0, 0.014700000230222941)
(0.0, 0.014700000230222941)
(0.0, 0.014700000230222941)
(0.10000000149011612, 0.0157000002451241)
(0.0, 0.0157000002451241)
(0.0, 0.0157000002451241)
(0.0, 0.0157000002451241)
(0.0, 0.0157000002451241)
(0.0, 0.0157000002451241)
(0.0, 0.0157000002451241)
(0.0, 0.0157000002451241)
(0.0, 0.0157000002451241)
(0.20000000298023224, 0.01680000025779009)
(0.0, 0.01680000025779009)
(0.0, 0.01680000025779009)
(0.0, 0.01680000025779009)
(0.0, 0.01680000025779009)
(0.0, 0.01680000025779009)
(0.0, 0.01680000025779009)
(0.0, 0.01680000025779009)
(0.0, 0.01680000025779009)
(0.20000000298023224, 0.018800000287592412)
(0.0, 0.018800000287592412)
(0.0, 0.018800000287592412)
(0.0, 0.018800000287592412)
(0.10000000149011612, 0.019800000302493573)
(0.0, 0.019800000302493573)
(0.0, 0.019800000302493573)
(0.0, 0.019800000302493573)
(0.0, 0.019800000302493573)
(0.10000000149011612, 0.020800000317394735)
(0.10000000149011612, 0.021800000332295896)
(0.0, 0.021800000332295896)
(0.0, 0.021800000332295896)
(0.0, 0.021800000332295896)
(0.0, 0.021800000332295896)
(0.0, 0.021800000332295896)
(0.0, 0.021800000332295896)
(0.0, 0.021800000332295896)
(0.0, 0.021800000332295896)
(0.0, 0.020800000317394735)
(0.0, 0.020800000317394735)
(0.0, 0.020800000317394735)
(0.0, 0.020800000317394735)
(0.0, 0.020800000317394735)
(0.0, 0.020800000317394735)
(0.0, 0.020800000317394735)
(0.0, 0.020800000317394735)
(0.0, 0.020800000317394735)
(0.0, 0.020800000317394735)
(0.0, 0.020800000317394735)
(0.0, 0.020800000317394735)
(0.0, 0.020800000317394735)
(0.0, 0.020800000317394735)
(0.0, 0.020800000317394735)
(0.0, 0.020800000317394735)
(0.0, 0.020800000317394735)
(0.0, 0.020800000317394735)
(0.0, 0.0199000003002584)
(0.0, 0.0199000003002584)
(0.0, 0.0199000003002584)
(0.0, 0.018900000285357238)
(0.0, 0.017900000270456077)
(0.0, 0.017900000270456077)
(0.0, 0.017900000270456077)
(0.0, 0.017900000270456077)
(0.0, 0.016900000255554916)
(0.0, 0.016900000255554916)
(0.0, 0.016900000255554916)
(0.0, 0.016900000255554916)
(0.0, 0.016900000255554916)
(0.0, 0.015900000240653755)
(0.0, 0.014900000225752592)
(0.0, 0.014900000225752592)
(0.0, 0.014900000225752592)
(0.0, 0.014900000225752592)
(0.0, 0.014000000208616257)
(0.0, 0.013000000193715095)
(0.0, 0.012000000178813934)
(0.0, 0.012000000178813934)
(0.0, 0.012000000178813934)
(0.0, 0.012000000178813934)
(0.0, 0.012000000178813934)
(0.0, 0.012000000178813934)
(0.0, 0.012000000178813934)
(0.0, 0.012000000178813934)
(0.0, 0.012000000178813934)
(0.0, 0.012000000178813934)
(0.0, 0.012000000178813934)
(0.0, 0.012000000178813934)
(0.0, 0.012000000178813934)
(0.0, 0.011000000163912773)
(0.0, 0.009000000134110451)
(0.0, 0.009000000134110451)
(0.0, 0.00800000011920929)
(0.0, 0.00800000011920929)
(0.0, 0.00800000011920929)
(0.0, 0.00800000011920929)
(0.0, 0.00800000011920929)
(0.0, 0.00800000011920929)
(0.0, 0.00800000011920929)
(0.0, 0.00800000011920929)
(0.0, 0.00800000011920929)
(0.0, 0.007000000104308128)
(0.0, 0.007000000104308128)
(0.0, 0.007000000104308128)
(0.0, 0.007000000104308128)
(0.0, 0.007000000104308128)
(0.0, 0.007000000104308128)
(0.0, 0.007000000104308128)
(0.0, 0.007000000104308128)
(0.0, 0.007000000104308128)
(0.0, 0.005000000074505806)
(0.0, 0.005000000074505806)
(0.0, 0.005000000074505806)
(0.0, 0.005000000074505806)
(0.0, 0.005000000074505806)
(0.0, 0.005000000074505806)
(0.0, 0.005000000074505806)
(0.0, 0.005000000074505806)
(0.0, 0.005000000074505806)
(0.0, 0.0030000000447034836)
(0.0, 0.0030000000447034836)
(0.0, 0.0030000000447034836)
(0.0, 0.0030000000447034836)
(0.0, 0.0020000000298023225)
(0.0, 0.0020000000298023225)
(0.0, 0.0020000000298023225)
(0.0, 0.0020000000298023225)
(0.0, 0.0020000000298023225)
(0.0, 0.0010000000149011613)
(0.0, 0.0)
(0.0, 0.0)
(0.0, 0.0)
(0.0, 0.0)
(0.0, 0.0)
(0.0, 0.0)
(0.0, 0.0)
(0.0, 0.0)
(0.0, 0.0)
(0.0, 0.0)
(0.0, 0.0)
(0.0, 0.0)
(0.0, 0.0)
(0.0, 0.0)
(0.0, 0.0)
(0.0, 0.0)
(0.0, 0.0)
(0.0, 0.0)
(0.0, 0.0)
(0.0, 0.0)
(0.0, 0.0)
(0.0, 0.0)
(0.0, 0.0)
(0.0, 0.0)
(0.0, 0.0)
(0.0, 0.0)
(0.0, 0.0)
(0.0, 0.0)
(0.0, 0.0)
(0.0, 0.0)
(0.0, 0.0)
(0.0, 0.0)
(0.0, 0.0)
(0.0, 0.0)
(0.0, 0.0)
(0.0, 0.0)
(0.0, 0.0)
(0.0, 0.0)
(0.0, 0.0)
(0.0, 0.0)
(0.0, 0.0)
(0.0, 0.0)
(0.0, 0.0)
(0.0, 0.0)
(0.0, 0.0)
(0.0, 0.0)
(0.0, 0.0)
(0.0, 0.0)
(0.0, 0.0)
(0.0, 0.0)
(0.0, 0.0)
(0.0, 0.0)
(0.0, 0.0)
(0.0, 0.0)
(0.0, 0.0)
(0.0, 0.0)
(0.0, 0.0)
(0.0, 0.0)
(0.0, 0.0)
(0.0, 0.0)
(0.0, 0.0)
(0.0, 0.0)
(0.0, 0.0)
(0.0, 0.0)
(0.0, 0.0)
(0.0, 0.0)
(0.0, 0.0)
(0.0, 0.0)
(0.0, 0.0)
(0.0, 0.0)
(0.0, 0.0)
(0.0, 0.0)
(0.0, 0.0)
(0.0, 0.0)
(0.0, 0.0)
(0.0, 0.0)
(0.0, 0.0)
(0.0, 0.0)
(0.0, 0.0)
(0.0, 0.0)
(0.0, 0.0)
(0.0, 0.0)
(0.0, 0.0)
(0.0, 0.0)
(0.0, 0.0)
(0.0, 0.0)
(0.0, 0.0)
(0.0, 0.0)
(0.0, 0.0)
(0.0, 0.0)
(0.0, 0.0)
(0.0, 0.0)
(0.0, 0.0)
(0.0, 0.0)
(0.0, 0.0)
(0.0, 0.0)
(0.0, 0.0)
(0.0, 0.0)
(0.0, 0.0)
(0.0, 0.0)
(0.0, 0.0)
(0.0, 0.0)
(0.0, 0.0)
(0.0, 0.0)
(0.0, 0.0)
(0.0, 0.0)
(0.0, 0.0)
(0.0, 0.0)
(0.0, 0.0)
(0.0, 0.0)
(0.0, 0.0)
(0.0, 0.0)
(0.0, 0.0)
(0.0, 0.0)
(0.0, 0.0)
(0.0, 0.0)
(0.0, 0.0)
(0.0, 0.0)
(0.0, 0.0)
(0.0, 0.0)
(0.0, 0.0)
(0.0, 0.0)
(0.0, 0.0)
(0.0, 0.0)
(0.0, 0.0)
(0.0, 0.0)
(0.0, 0.0)
(0.0, 0.0)
(0.0, 0.0)
(0.0, 0.0)
(0.0, 0.0)
(0.0, 0.0)
(0.0, 0.0)
(0.0, 0.0)
(0.0, 0.0)
(0.0, 0.0)
(0.0, 0.0)
(0.0, 0.0)
(0.0, 0.0)
(0.0, 0.0)
(0.0, 0.0)
(0.0, 0.0)
(0.0, 0.0)
(0.0, 0.0)
(0.0, 0.0)
(0.0, 0.0)
(0.0, 0.0)
(0.0, 0.0)
(0.0, 0.0)
(0.0, 0.0)
(0.0, 0.0)
(0.0, 0.0)
(0.0, 0.0)
(0.0, 0.0)
(0.0, 0.0)
(0.0, 0.0)
(0.0, 0.0)
(0.0, 0.0)
(0.0, 0.0)
(0.0, 0.0)
(0.0, 0.0)
(0.0, 0.0)
(0.0, 0.0)
(0.0, 0.0)
(0.0, 0.0)
(0.0, 0.0)
(0.0, 0.0)
(0.0, 0.0)
(0.0, 0.0)
(0.0, 0.0)
(0.0, 0.0)
(0.0, 0.0)
(0.0, 0.0)
(0.0, 0.0)
(0.0, 0.0)
(0.10000000149011612, 0.0010000000149011613)
(0.0, 0.0010000000149011613)
(0.0, 0.0010000000149011613)
(0.0, 0.0010000000149011613)
(0.0, 0.0010000000149011613)
(0.0, 0.0010000000149011613)
(0.0, 0.0010000000149011613)
(0.0, 0.0010000000149011613)
(0.0, 0.0010000000149011613)
(0.0, 0.0010000000149011613)
(0.0, 0.0010000000149011613)
(0.0, 0.0010000000149011613)
(0.0, 0.0010000000149011613)
(0.0, 0.0010000000149011613)
(0.0, 0.0010000000149011613)
(0.0, 0.0010000000149011613)
(0.0, 0.0010000000149011613)
(0.0, 0.0010000000149011613)
(0.0, 0.0010000000149011613)
(0.0, 0.0010000000149011613)
(0.0, 0.0010000000149011613)
(0.0, 0.0010000000149011613)
(0.0, 0.0010000000149011613)
(0.0, 0.0010000000149011613)
(0.0, 0.0010000000149011613)
(0.0, 0.0010000000149011613)
(0.0, 0.0010000000149011613)
(0.0, 0.0010000000149011613)
(0.0, 0.0010000000149011613)
(0.0, 0.0010000000149011613)
(0.10000000149011612, 0.0020000000298023225)
(0.0, 0.0020000000298023225)
(0.0, 0.0020000000298023225)
(0.0, 0.0020000000298023225)
(0.0, 0.0020000000298023225)
(0.0, 0.0020000000298023225)
(0.0, 0.0020000000298023225)
(0.0, 0.0020000000298023225)
(0.0, 0.0020000000298023225)
(0.0, 0.0020000000298023225)
(0.0, 0.0020000000298023225)
(0.0, 0.0020000000298023225)
(0.0, 0.0020000000298023225)
(0.0, 0.0020000000298023225)
(0.0, 0.0020000000298023225)
(0.0, 0.0020000000298023225)
(0.0, 0.0020000000298023225)
(0.10000000149011612, 0.0030000000447034836)
(0.0, 0.0030000000447034836)
(0.0, 0.0030000000447034836)
(0.0, 0.0030000000447034836)
(0.0, 0.0030000000447034836)
(0.0, 0.0030000000447034836)
(0.0, 0.0030000000447034836)
(0.0, 0.0030000000447034836)
(0.0, 0.0030000000447034836)
(0.0, 0.0030000000447034836)
(0.0, 0.0030000000447034836)
(0.0, 0.0030000000447034836)
(0.0, 0.0030000000447034836)
(0.0, 0.0030000000447034836)
(0.0, 0.0030000000447034836)
(0.0, 0.0030000000447034836)
(0.0, 0.0030000000447034836)
(0.0, 0.0030000000447034836)
(0.0, 0.0030000000447034836)
(0.0, 0.0030000000447034836)
(0.0, 0.0030000000447034836)
(0.0, 0.0030000000447034836)
(0.0, 0.0030000000447034836)
(0.0, 0.0030000000447034836)
(0.0, 0.0030000000447034836)
(0.0, 0.0030000000447034836)
(0.0, 0.0030000000447034836)
(0.0, 0.0030000000447034836)
(0.0, 0.0030000000447034836)
(0.0, 0.0030000000447034836)
(0.0, 0.0030000000447034836)
(0.0, 0.0030000000447034836)
(0.0, 0.0030000000447034836)
(0.09000000171363354, 0.003900000061839819)
(0.0, 0.003900000061839819)
(0.0, 0.003900000061839819)
(0.0, 0.003900000061839819)
(0.0, 0.003900000061839819)
(0.0, 0.003900000061839819)
(0.0, 0.003900000061839819)
(0.0, 0.003900000061839819)
(0.0, 0.003900000061839819)
(0.0, 0.003900000061839819)
(0.10000000149011612, 0.00490000007674098)
(0.0, 0.00490000007674098)
(0.0, 0.00490000007674098)
(0.0, 0.00490000007674098)
(0.0, 0.00490000007674098)
(0.0, 0.00490000007674098)
(0.0, 0.00490000007674098)
(0.0, 0.00490000007674098)
(0.0, 0.00490000007674098)
(0.0, 0.00490000007674098)
(0.0, 0.003900000061839819)
(0.0, 0.003900000061839819)
(0.0, 0.003900000061839819)
(0.0, 0.003900000061839819)
(0.0, 0.003900000061839819)
(0.0, 0.003900000061839819)
(0.0, 0.003900000061839819)
(0.0, 0.003900000061839819)
(0.0, 0.003900000061839819)
(0.0, 0.003900000061839819)
(0.10000000149011612, 0.00490000007674098)
(0.0, 0.00490000007674098)
(0.0, 0.00490000007674098)
(0.0, 0.00490000007674098)
(0.0, 0.00490000007674098)
(0.0, 0.00490000007674098)
(0.0, 0.00490000007674098)
(0.0, 0.00490000007674098)
(0.0, 0.00490000007674098)
(0.0, 0.00490000007674098)
(0.0, 0.00490000007674098)
(0.0, 0.00490000007674098)
(0.0, 0.00490000007674098)
(0.0, 0.00490000007674098)
(0.0, 0.00490000007674098)
(0.0, 0.00490000007674098)
(0.0, 0.00490000007674098)
(0.0, 0.00490000007674098)
(0.0, 0.00490000007674098)
(0.0, 0.00490000007674098)
(0.0, 0.003900000061839819)
(0.0, 0.003900000061839819)
(0.0, 0.003900000061839819)
(0.0, 0.003900000061839819)
(0.0, 0.003900000061839819)
(0.0, 0.003900000061839819)
(0.0, 0.003900000061839819)
(0.0, 0.003900000061839819)
(0.0, 0.003900000061839819)
(0.0, 0.003900000061839819)
(0.0, 0.003900000061839819)
(0.0, 0.003900000061839819)
(0.0, 0.003900000061839819)
(0.0, 0.003900000061839819)
(0.0, 0.003900000061839819)
(0.0, 0.003900000061839819)
(0.0, 0.003900000061839819)
(0.10000000149011612, 0.003900000061839819)
(0.0, 0.003900000061839819)
(0.10000000149011612, 0.00490000007674098)
(0.0, 0.00490000007674098)
(0.10000000149011612, 0.005900000091642142)
(0.09000000171363354, 0.006800000108778476)
(0.0, 0.006800000108778476)
(0.0, 0.006800000108778476)
(0.0, 0.006800000108778476)
(0.0, 0.006800000108778476)
(0.0, 0.006800000108778476)
(0.0, 0.006800000108778476)
(0.0, 0.006800000108778476)
(0.0, 0.006800000108778476)
(0.0, 0.006800000108778476)
(0.0, 0.006800000108778476)
(0.0, 0.006800000108778476)
(0.0, 0.006800000108778476)
(0.0, 0.006800000108778476)
(0.0, 0.006800000108778476)
(0.0, 0.006800000108778476)
(0.0, 0.006800000108778476)
(0.0, 0.006800000108778476)
(0.0, 0.006800000108778476)
(0.0, 0.006800000108778476)
(0.0, 0.006800000108778476)
(0.0, 0.006800000108778476)
(0.0, 0.006800000108778476)
(0.0, 0.006800000108778476)
(0.0, 0.006800000108778476)
(0.0, 0.006800000108778476)
(0.0, 0.006800000108778476)
(0.10000000149011612, 0.007800000123679638)
(0.0, 0.006900000106543303)
(0.09000000171363354, 0.007800000123679638)
(0.0, 0.007800000123679638)
(0.0, 0.007800000123679638)
(0.0, 0.007800000123679638)
(0.10000000149011612, 0.008800000138580798)
(0.09000000171363354, 0.009700000155717134)
(0.0, 0.009700000155717134)
(0.0, 0.009700000155717134)
(0.10000000149011612, 0.010700000170618295)
(0.0, 0.009700000155717134)
(0.0, 0.009700000155717134)
(0.0, 0.009700000155717134)
(0.0, 0.009700000155717134)
(0.0, 0.009700000155717134)
(0.0, 0.009700000155717134)
(0.0, 0.009700000155717134)
(0.0, 0.009700000155717134)
(0.0, 0.009700000155717134)
(0.0, 0.009700000155717134)
(0.0, 0.009700000155717134)
(0.0, 0.009700000155717134)
(0.0, 0.009700000155717134)
(0.0, 0.009700000155717134)
(0.0, 0.009700000155717134)
(0.0, 0.009700000155717134)
(0.0, 0.009700000155717134)
(0.10000000149011612, 0.010700000170618295)
(0.10000000149011612, 0.011700000185519456)
(0.10000000149011612, 0.012700000200420619)
(0.10000000149011612, 0.012700000200420619)
(0.0, 0.012700000200420619)
(0.10000000149011612, 0.01370000021532178)
(0.0, 0.01370000021532178)
(0.10000000149011612, 0.014700000230222941)
(0.09000000171363354, 0.015600000247359276)
(0.0, 0.015600000247359276)
(0.20000000298023224, 0.017600000277161597)
(0.10000000149011612, 0.018600000292062758)
(0.20000000298023224, 0.020600000321865083)
(0.4000000059604645, 0.024600000381469728)
(0.0, 0.024600000381469728)
(0.10000000149011612, 0.02560000039637089)
(0.10000000149011612, 0.02660000041127205)
(0.0, 0.02660000041127205)
(0.09000000171363354, 0.027500000428408385)
(0.0, 0.027500000428408385)
(0.0, 0.027500000428408385)
(0.09000000171363354, 0.02840000044554472)
(0.10000000149011612, 0.029400000460445882)
(0.10000000149011612, 0.030400000475347043)
(0.0, 0.030400000475347043)
(0.0, 0.030400000475347043)
(0.0, 0.030400000475347043)
(0.10000000149011612, 0.0314000004902482)
(0.10000000149011612, 0.032400000505149365)
(0.0, 0.032400000505149365)
(0.0, 0.032400000505149365)
(0.10000000149011612, 0.03340000052005052)
(0.09000000171363354, 0.03430000053718686)
(0.10000000149011612, 0.03530000055208802)
(0.10000000149011612, 0.036300000566989184)
(0.10000000149011612, 0.03730000058189034)
(0.10000000149011612, 0.038300000596791506)
(0.09000000171363354, 0.03920000061392784)
(0.09000000171363354, 0.04010000063106418)
(0.09000000171363354, 0.04100000064820051)
(0.09000000171363354, 0.04090000065043568)
(0.10000000149011612, 0.04190000066533685)
(0.0, 0.04090000065043568)
(0.10000000149011612, 0.04190000066533685)
(0.10000000149011612, 0.04190000066533685)
(0.0, 0.04100000064820051)
(0.0, 0.04100000064820051)
(0.0, 0.04100000064820051)
(0.10000000149011612, 0.04200000066310167)
(0.09000000171363354, 0.042900000680238005)
(0.0, 0.042900000680238005)
(0.0, 0.042900000680238005)
(0.0, 0.042900000680238005)
(0.10000000149011612, 0.04390000069513917)
(0.0, 0.04390000069513917)
(0.0, 0.04390000069513917)
(0.10000000149011612, 0.04490000071004033)
(0.10000000149011612, 0.04590000072494149)
(0.0, 0.04590000072494149)
(0.0, 0.04590000072494149)
(0.0, 0.04590000072494149)
(0.10000000149011612, 0.04690000073984266)
(0.0, 0.04690000073984266)
(0.0, 0.04690000073984266)
(0.10000000149011612, 0.047900000754743814)
(0.10000000149011612, 0.04890000076964498)
(0.0, 0.04890000076964498)
(0.0, 0.04890000076964498)
(0.0, 0.04890000076964498)
(0.0, 0.04890000076964498)
(0.0, 0.04890000076964498)
(0.0, 0.04890000076964498)
(0.0, 0.047900000754743814)
(0.10000000149011612, 0.04890000076964498)
(0.0, 0.04800000075250864)
(0.0, 0.04800000075250864)
(0.0, 0.04800000075250864)
(0.0, 0.04800000075250864)
(0.0, 0.04700000073760748)
(0.0, 0.04610000072047114)
(0.0, 0.04610000072047114)
(0.0, 0.04610000072047114)
(0.0, 0.045100000705569986)
(0.0, 0.045100000705569986)
(0.0, 0.045100000705569986)
(0.09000000171363354, 0.04600000072270632)
(0.0, 0.04600000072270632)
(0.0, 0.04600000072270632)
(0.0, 0.04600000072270632)
(0.0, 0.04600000072270632)
(0.0, 0.04600000072270632)
(0.0, 0.04600000072270632)
(0.0, 0.04600000072270632)
(0.0, 0.04600000072270632)
(0.0, 0.04600000072270632)
(0.0, 0.04600000072270632)
(0.0, 0.04600000072270632)
(0.09000000171363354, 0.04690000073984266)
(0.0, 0.04690000073984266)
(0.0, 0.04690000073984266)
(0.0, 0.04590000072494149)
(0.0, 0.04490000071004033)
(0.10000000149011612, 0.04490000071004033)
(0.0, 0.04390000069513917)
(0.10000000149011612, 0.04490000071004033)
(0.0, 0.04390000069513917)
(0.10000000149011612, 0.04490000071004033)
(0.10000000149011612, 0.04490000071004033)
(0.10000000149011612, 0.04500000070780516)
(0.10000000149011612, 0.04600000072270632)
(0.10000000149011612, 0.04500000070780516)
(0.10000000149011612, 0.04500000070780516)
(0.10000000149011612, 0.044000000692903996)
(0.09000000171363354, 0.04090000065043568)
(0.10000000149011612, 0.04190000066533685)
(0.10000000149011612, 0.04190000066533685)
(0.0, 0.04090000065043568)
(0.10000000149011612, 0.04190000066533685)
(0.20000000298023224, 0.04300000067800283)
(0.10000000149011612, 0.044000000692903996)
(0.20000000298023224, 0.04600000072270632)
(0.0, 0.045100000705569986)
(0.0, 0.04410000069066882)
(0.09000000171363354, 0.044000000692903996)
(0.10000000149011612, 0.04500000070780516)
(0.10000000149011612, 0.04600000072270632)
(0.0, 0.04600000072270632)
(0.10000000149011612, 0.04600000072270632)
(0.10000000149011612, 0.04600000072270632)
(0.10000000149011612, 0.04700000073760748)
(0.20000000298023224, 0.049000000767409804)
(0.10000000149011612, 0.049000000767409804)
(0.10000000149011612, 0.04910000076517463)
(0.10000000149011612, 0.04910000076517463)
(0.10000000149011612, 0.04910000076517463)
(0.10000000149011612, 0.04910000076517463)
(0.10000000149011612, 0.04910000076517463)
(0.20000000298023224, 0.05020000077784061)
(0.2900000046938658, 0.052200000807642935)
(0.20000000298023224, 0.053300000820308925)
(0.30000000447034836, 0.05540000084787607)
(0.10000000149011612, 0.05540000084787607)
(0.10000000149011612, 0.05640000086277723)
(0.09000000171363354, 0.056300000865012405)
(0.5000000074505806, 0.06030000092461705)
(0.10000000149011612, 0.061300000939518214)
(0.800000011920929, 0.06930000105872751)
(0.20000000298023224, 0.07130000108852982)
(0.30000000447034836, 0.07330000111833215)
(0.5000000074505806, 0.07740000117570162)
(2.600000038743019, 0.10340000156313181)
(2.7000000402331352, 0.13040000196546317)
(2.7000000402331352, 0.1574000023677945)
(1.4000000208616257, 0.1704000025615096)
(0.9000000134110451, 0.17940000269562006)
(0.10000000149011612, 0.18040000271052123)
(0.4000000059604645, 0.1834000027552247)
(0.20000000298023224, 0.18440000277012586)
(0.30000000447034836, 0.18740000281482935)
(0.7000000104308128, 0.19440000291913748)
(0.5000000074505806, 0.19940000299364327)
(0.6000000089406967, 0.2044000030681491)
(0.5000000074505806, 0.2094000031426549)
(1.2000000178813934, 0.22140000332146884)
(0.800000011920929, 0.22840000342577696)
(2.600000038743019, 0.25340000379830596)
(0.7000000104308128, 0.26040000390261414)
(0.10000000149011612, 0.2614000039175153)
(0.10000000149011612, 0.2624000039324164)
(0.19000000320374966, 0.2643000039644539)
(2.600000038743019, 0.29030000435188413)
(2.7000000402331352, 0.3173000047542155)
(0.5000000074505806, 0.3223000048287213)
(0.5000000074505806, 0.32630000488832595)
(0.10000000149011612, 0.3273000049032271)
(0.10000000149011612, 0.3283000049181283)
(0.10000000149011612, 0.3293000049330294)
(0.10000000149011612, 0.33030000494793055)
(0.20000000298023224, 0.3323000049777329)
(0.4000000059604645, 0.33630000503733753)
(0.20000000298023224, 0.33830000506713986)
(0.10000000149011612, 0.339300005082041)
(0.10000000149011612, 0.3403000050969422)
(0.10000000149011612, 0.34130000511184333)
(0.20000000298023224, 0.34330000514164566)
(0.10000000149011612, 0.3434000051394105)
(0.20000000298023224, 0.3454000051692128)
(0.20000000298023224, 0.34740000519901515)
(0.7000000104308128, 0.3544000053033233)
(0.10000000149011612, 0.3554000053182244)
(0.20000000298023224, 0.35740000534802674)
(0.10000000149011612, 0.35840000536292793)
(0.30000000447034836, 0.3614000054076314)
(1.700000025331974, 0.3784000056609511)
(0.30000000447034836, 0.38140000570565463)
(1.0000000149011612, 0.3914000058546662)
(0.20000000298023224, 0.39340000588446855)
(0.10000000149011612, 0.3935000058822334)
(0.30000000447034836, 0.39650000592693685)
(0.30000000447034836, 0.39950000597164037)
(0.10000000149011612, 0.4005000059865415)
(0.10000000149011612, 0.40150000600144264)
(0.10000000149011612, 0.40150000600144264)
(0.2900000046938658, 0.40440000604838133)
(2.400000035762787, 0.42740000639110803)
(0.10000000149011612, 0.42840000640600917)
(0.10000000149011612, 0.42840000640600917)
(0.20000000298023224, 0.42940000642091036)
(0.5000000074505806, 0.433400006480515)
(0.20000000298023224, 0.43440000649541616)
(0.10000000149011612, 0.43440000649541616)
(0.10000000149011612, 0.43440000649541616)
(0.10000000149011612, 0.43440000649541616)
(0.10000000149011612, 0.434500006493181)
(0.10000000149011612, 0.434500006493181)
(0.10000000149011612, 0.434500006493181)
(0.10000000149011612, 0.4355000065080821)
(0.10000000149011612, 0.4355000065080821)
(0.10000000149011612, 0.434500006493181)
(0.10000000149011612, 0.434500006493181)
(0.10000000149011612, 0.43350000647827985)
(0.20000000298023224, 0.4355000065080821)
(0.10000000149011612, 0.4365000065229833)
(0.10000000149011612, 0.43660000652074815)
(0.10000000149011612, 0.43660000652074815)
(0.10000000149011612, 0.43660000652074815)
(0.20000000298023224, 0.4386000065505505)
(0.10000000149011612, 0.4386000065505505)
(0.10000000149011612, 0.4386000065505505)
(0.30000000447034836, 0.4406000065803528)
(0.20000000298023224, 0.4406000065803528)
(0.10000000149011612, 0.4406000065803528)
(0.20000000298023224, 0.44160000659525395)
(0.6000000089406967, 0.44660000666975974)
(0.5000000074505806, 0.4506000067293644)
(0.30000000447034836, 0.45260000675916673)
(0.20000000298023224, 0.45360000677406787)
(1.1000000163912773, 0.4626000069081783)
(0.800000011920929, 0.46770000698044895)
(0.30000000447034836, 0.46870000699535014)
(0.9000000134110451, 0.47470000708475707)
(0.7000000104308128, 0.48070000717416406)
(0.5000000074505806, 0.4847000072337687)
(0.10000000149011612, 0.48480000723153355)
(0.5000000074505806, 0.48480000723153355)
(0.30000000447034836, 0.4868000072613359)
(1.1000000163912773, 0.48980000730603934)
(0.10000000149011612, 0.48880000729113815)
(0.30000000447034836, 0.48880000729113815)
(0.800000011920929, 0.49180000733584167)
(2.600000038743019, 0.49180000733584167)
(1.2000000178813934, 0.47680000711232423)
(0.9000000134110451, 0.4588000068441033)
(2.600000038743019, 0.47080000702291724)
(0.0, 0.46180000688880685)
(0.10000000149011612, 0.46180000688880685)
(1.600000023841858, 0.47380000706762077)
(0.30000000447034836, 0.4748000070825219)
(2.600000038743019, 0.4978000074252486)
(2.600000038743019, 0.5168000077083706)
