(0.0, 0.0)
(0.0, 0.0)
(0.0, 0.0)
(0.0, 0.0)
(0.0, 0.0)
(0.0, 0.0)
(0.0, 0.0)
(0.0, 0.0)
(0.0, 0.0)
(0.0, 0.0)
(0.0, 0.0)
(0.0, 0.0)
(0.0, 0.0)
(0.0, 0.0)
(0.0, 0.0)
(0.0, 0.0)
(0.0, 0.0)
(0.0, 0.0)
(0.0, 0.0)
(0.0, 0.0)
(0.0, 0.0)
(0.0, 0.0)
(0.10000000149011612, 0.004347826151744179)
(0.0, 0.004166666728754838)
(0.0, 0.004000000059604645)
(0.0, 0.0038461539034660044)
(0.0, 0.0037037037588931896)
(0.0, 0.0035714286246470044)
(0.0, 0.00344827591345228)
(0.0, 0.0033333333830038708)
(0.0, 0.0032258064996811653)
(0.0, 0.0031250000465661287)
(0.0, 0.003030303075458064)
(0.0, 0.00294117651441518)
(0.0, 0.0028571428997176034)
(0.0, 0.002777777819169892)
(0.0, 0.002702702742976111)
(0.0, 0.002631578986582003)
(0.0, 0.0025641026023106696)
(0.0, 0.002500000037252903)
(0.0, 0.002439024426588198)
(0.0, 0.002380952416431336)
(0.0, 0.0023255814300027003)
(0.0, 0.0022727273065935483)
(0.0, 0.0022222222553359137)
(0.0, 0.0021739130758720894)
(0.0, 0.0021276596061726833)
(0.0, 0.002083333364377419)
(0.0, 0.0020408163569411455)
(0.0, 0.0020000000298023225)
(0.0, 0.0019607843429434533)
(0.0, 0.0019230769517330022)
(0.0, 0.0018867924809455872)
(0.0, 0.0018518518794465948)
(0.0, 0.0018181818452748385)
(0.0, 0.0017857143123235022)
(0.0, 0.0017543859910546687)
(0.0, 0.00172413795672614)
(0.0, 0.0016949152794934936)
(0.0, 0.0016666666915019354)
(0.0, 0.001639344286723215)
(0.0, 0.0016129032498405826)
(0.0, 0.0015873016109542242)
(0.10000000149011612, 0.0031250000465661287)
(0.0, 0.0030769231227728037)
(0.0, 0.003030303075458064)
(0.0, 0.0029850746713467498)
(0.0, 0.00294117651441518)
(0.0, 0.0028985507678294525)
(0.0, 0.0028571428997176034)
(0.0, 0.002816901450425806)
(0.0, 0.002777777819169892)
(0.0, 0.0027397260682223592)
(0.0, 0.002702702742976111)
(0.0, 0.0026666667064030964)
(0.0, 0.002631578986582003)
(0.0, 0.0025974026361069123)
(0.0, 0.0025641026023106696)
(0.0, 0.0025316456073447118)
(0.0, 0.002500000037252903)
(0.0, 0.0024691358392621263)
(0.0, 0.002439024426588198)
(0.0, 0.00240963859012328)
(0.0, 0.002380952416431336)
(0.0, 0.002352941211532144)
(0.0, 0.0023255814300027003)
(0.0, 0.0022988506089681865)
(0.0, 0.0022727273065935483)
(0.0, 0.0022471910447217107)
(0.0, 0.0022222222553359137)
(0.0, 0.002197802230552003)
(0.0, 0.0021739130758720894)
(0.0, 0.00215053766645411)
(0.0, 0.0021276596061726833)
(0.0, 0.0021052631892656023)
(0.0, 0.002083333364377419)
(0.0, 0.0020618557008271364)
(0.0, 0.0020408163569411455)
(0.0, 0.002020202050305376)
(0.0, 0.0020000000298023225)
(0.0, 0.0020000000298023225)
(0.0, 0.0020000000298023225)
(0.0, 0.0020000000298023225)
(0.0, 0.0020000000298023225)
(0.0, 0.0020000000298023225)
(0.0, 0.0020000000298023225)
(0.0, 0.0020000000298023225)
(0.0, 0.0020000000298023225)
(0.0, 0.0020000000298023225)
(0.0, 0.0020000000298023225)
(0.0, 0.0020000000298023225)
(0.0, 0.0020000000298023225)
(0.0, 0.0020000000298023225)
(0.0, 0.0020000000298023225)
(0.0, 0.0020000000298023225)
(0.0, 0.0020000000298023225)
(0.0, 0.0020000000298023225)
(0.0, 0.0020000000298023225)
(0.0, 0.0020000000298023225)
(0.0, 0.0020000000298023225)
(0.0, 0.0020000000298023225)
(0.0, 0.0020000000298023225)
(0.0, 0.0010000000149011613)
(0.0, 0.0010000000149011613)
(0.0, 0.0010000000149011613)
(0.0, 0.0010000000149011613)
(0.0, 0.0010000000149011613)
(0.0, 0.0010000000149011613)
(0.0, 0.0010000000149011613)
(0.0, 0.0010000000149011613)
(0.0, 0.0010000000149011613)
(0.0, 0.0010000000149011613)
(0.0, 0.0010000000149011613)
(0.0, 0.0010000000149011613)
(0.0, 0.0010000000149011613)
(0.0, 0.0010000000149011613)
(0.0, 0.0010000000149011613)
(0.0, 0.0010000000149011613)
(0.0, 0.0010000000149011613)
(0.0, 0.0010000000149011613)
(0.0, 0.0010000000149011613)
(0.0, 0.0010000000149011613)
(0.0, 0.0010000000149011613)
(0.0, 0.0010000000149011613)
(0.0, 0.0010000000149011613)
(0.0, 0.0010000000149011613)
(0.0, 0.0010000000149011613)
(0.0, 0.0010000000149011613)
(0.0, 0.0010000000149011613)
(0.0, 0.0010000000149011613)
(0.0, 0.0010000000149011613)
(0.0, 0.0010000000149011613)
(0.0, 0.0010000000149011613)
(0.0, 0.0010000000149011613)
(0.0, 0.0010000000149011613)
(0.0, 0.0010000000149011613)
(0.0, 0.0010000000149011613)
(0.0, 0.0010000000149011613)
(0.0, 0.0010000000149011613)
(0.0, 0.0010000000149011613)
(0.0, 0.0010000000149011613)
(0.0, 0.0010000000149011613)
(0.0, 0.0010000000149011613)
(0.0, 0.0)
(0.0, 0.0)
(0.0, 0.0)
(0.0, 0.0)
(0.0, 0.0)
(0.0, 0.0)
(0.0, 0.0)
(0.0, 0.0)
(0.0, 0.0)
(0.0, 0.0)
(0.0, 0.0)
(0.0, 0.0)
(0.0, 0.0)
(0.0, 0.0)
(0.0, 0.0)
(0.0, 0.0)
(0.0, 0.0)
(0.0, 0.0)
(0.0, 0.0)
(0.0, 0.0)
(0.0, 0.0)
(0.0, 0.0)
(0.0, 0.0)
(0.0, 0.0)
(0.0, 0.0)
(0.0, 0.0)
(0.0, 0.0)
(0.0, 0.0)
(0.0, 0.0)
(0.0, 0.0)
(0.0, 0.0)
(0.0, 0.0)
(0.0, 0.0)
(0.0, 0.0)
(0.0, 0.0)
(0.0, 0.0)
(0.0, 0.0)
(0.0, 0.0)
(0.0, 0.0)
(0.0, 0.0)
(0.0, 0.0)
(0.0, 0.0)
(0.0, 0.0)
(0.0, 0.0)
(0.0, 0.0)
(0.0, 0.0)
(0.0, 0.0)
(0.0, 0.0)
(0.0, 0.0)
(0.0, 0.0)
(0.0, 0.0)
(0.0, 0.0)
(0.0, 0.0)
(0.0, 0.0)
(0.0, 0.0)
(0.0, 0.0)
(0.0, 0.0)
(0.0, 0.0)
(0.0, 0.0)
(0.0, 0.0)
(0.0, 0.0)
(0.0, 0.0)
(0.0, 0.0)
(0.0, 0.0)
(0.0, 0.0)
(0.0, 0.0)
(0.0, 0.0)
(0.0, 0.0)
(0.0, 0.0)
(0.0, 0.0)
(0.0, 0.0)
(0.0, 0.0)
(0.0, 0.0)
(0.0, 0.0)
(0.0, 0.0)
(0.0, 0.0)
(0.0, 0.0)
(0.0, 0.0)
(0.0, 0.0)
(0.0, 0.0)
(0.0, 0.0)
(0.0, 0.0)
(0.0, 0.0)
(0.0, 0.0)
(0.0, 0.0)
(0.0, 0.0)
(0.0, 0.0)
(0.0, 0.0)
(0.0, 0.0)
(0.0, 0.0)
(0.0, 0.0)
(0.0, 0.0)
(0.0, 0.0)
(0.0, 0.0)
(0.0, 0.0)
(0.0, 0.0)
(0.0, 0.0)
(0.0, 0.0)
(0.0, 0.0)
(0.0, 0.0)
(0.0, 0.0)
(0.0, 0.0)
(0.0, 0.0)
(0.0, 0.0)
(0.0, 0.0)
(0.0, 0.0)
(0.0, 0.0)
(0.0, 0.0)
(0.0, 0.0)
(0.0, 0.0)
(0.0, 0.0)
(0.0, 0.0)
(0.0, 0.0)
(0.0, 0.0)
(0.0, 0.0)
(0.0, 0.0)
(0.0, 0.0)
(0.0, 0.0)
(0.0, 0.0)
(0.0, 0.0)
(0.0, 0.0)
(0.0, 0.0)
(0.0, 0.0)
(0.0, 0.0)
(0.0, 0.0)
(0.0, 0.0)
(0.0, 0.0)
(0.0, 0.0)
(0.0, 0.0)
(0.0, 0.0)
(0.0, 0.0)
(0.0, 0.0)
(0.0, 0.0)
(0.0, 0.0)
(0.0, 0.0)
(0.0, 0.0)
(0.0, 0.0)
(0.0, 0.0)
(0.0, 0.0)
(0.0, 0.0)
(0.0, 0.0)
(0.0, 0.0)
(0.0, 0.0)
(0.0, 0.0)
(0.0, 0.0)
(0.0, 0.0)
(0.0, 0.0)
(0.0, 0.0)
(0.0, 0.0)
(0.0, 0.0)
(0.0, 0.0)
(0.0, 0.0)
(0.0, 0.0)
(0.0, 0.0)
(0.0, 0.0)
(0.0, 0.0)
(0.0, 0.0)
(0.0, 0.0)
(0.0, 0.0)
(0.0, 0.0)
(0.0, 0.0)
(0.0, 0.0)
(0.0, 0.0)
(0.0, 0.0)
(0.0, 0.0)
(0.0, 0.0)
(0.0, 0.0)
(0.0, 0.0)
(0.0, 0.0)
(0.0, 0.0)
(0.0, 0.0)
(0.0, 0.0)
(0.0, 0.0)
(0.0, 0.0)
(0.0, 0.0)
(0.0, 0.0)
(0.0, 0.0)
(0.0, 0.0)
(0.0, 0.0)
(0.0, 0.0)
(0.0, 0.0)
(0.0, 0.0)
(0.0, 0.0)
(0.0, 0.0)
(0.0, 0.0)
(0.0, 0.0)
(0.0, 0.0)
(0.0, 0.0)
(0.0, 0.0)
(0.0, 0.0)
(0.0, 0.0)
(0.0, 0.0)
(0.0, 0.0)
(0.0, 0.0)
(0.0, 0.0)
(0.0, 0.0)
(0.0, 0.0)
(0.0, 0.0)
(0.0, 0.0)
(0.0, 0.0)
(0.0, 0.0)
(0.0, 0.0)
(0.0, 0.0)
(0.0, 0.0)
(0.0, 0.0)
(0.0, 0.0)
(0.0, 0.0)
(0.0, 0.0)
(0.0, 0.0)
(0.0, 0.0)
(0.0, 0.0)
(0.0, 0.0)
(0.0, 0.0)
(0.0, 0.0)
(0.0, 0.0)
(0.0, 0.0)
(0.0, 0.0)
(0.0, 0.0)
(0.0, 0.0)
(0.0, 0.0)
(0.0, 0.0)
(0.0, 0.0)
(0.0, 0.0)
(0.0, 0.0)
(0.0, 0.0)
(0.0, 0.0)
(0.0, 0.0)
(0.0, 0.0)
(0.0, 0.0)
(0.0, 0.0)
(0.0, 0.0)
(0.0, 0.0)
(0.0, 0.0)
(0.0, 0.0)
(0.0, 0.0)
(0.0, 0.0)
(0.0, 0.0)
(0.0, 0.0)
(0.0, 0.0)
(0.0, 0.0)
(0.0, 0.0)
(0.0, 0.0)
(0.0, 0.0)
(0.0, 0.0)
(0.0, 0.0)
(0.0, 0.0)
(0.0, 0.0)
(0.0, 0.0)
(0.0, 0.0)
(0.0, 0.0)
(0.0, 0.0)
(0.0, 0.0)
(0.0, 0.0)
(0.0, 0.0)
(0.0, 0.0)
(0.0, 0.0)
(0.0, 0.0)
(0.0, 0.0)
(0.0, 0.0)
(0.0, 0.0)
(0.0, 0.0)
(0.0, 0.0)
(0.0, 0.0)
(0.0, 0.0)
(0.0, 0.0)
(0.0, 0.0)
(0.0, 0.0)
(0.0, 0.0)
(0.0, 0.0)
(0.0, 0.0)
(0.0, 0.0)
(0.0, 0.0)
(0.0, 0.0)
(0.0, 0.0)
(0.0, 0.0)
(0.0, 0.0)
(0.0, 0.0)
(0.0, 0.0)
(0.0, 0.0)
(0.0, 0.0)
(0.0, 0.0)
(0.0, 0.0)
(0.0, 0.0)
(0.0, 0.0)
(0.0, 0.0)
(0.0, 0.0)
(0.0, 0.0)
(0.0, 0.0)
(0.0, 0.0)
(0.0, 0.0)
(0.0, 0.0)
(0.0, 0.0)
(0.0, 0.0)
(0.0, 0.0)
(0.0, 0.0)
(0.0, 0.0)
(0.0, 0.0)
(0.0, 0.0)
(0.0, 0.0)
(0.0, 0.0)
(0.0, 0.0)
(0.0, 0.0)
(0.0, 0.0)
(0.0, 0.0)
(0.0, 0.0)
(0.0, 0.0)
(0.0, 0.0)
(0.0, 0.0)
(0.0, 0.0)
(0.0, 0.0)
(0.0, 0.0)
(0.0, 0.0)
(0.0, 0.0)
(0.0, 0.0)
(0.0, 0.0)
(0.0, 0.0)
(0.0, 0.0)
(0.0, 0.0)
(0.0, 0.0)
(0.0, 0.0)
(0.0, 0.0)
(0.0, 0.0)
(0.0, 0.0)
(0.0, 0.0)
(0.0, 0.0)
(0.0, 0.0)
(0.0, 0.0)
(0.0, 0.0)
(0.0, 0.0)
(0.0, 0.0)
(0.0, 0.0)
(0.0, 0.0)
(0.0, 0.0)
(0.0, 0.0)
(0.0, 0.0)
(0.0, 0.0)
(0.0, 0.0)
(0.0, 0.0)
(0.0, 0.0)
(0.0, 0.0)
(0.0, 0.0)
(0.0, 0.0)
(0.0, 0.0)
(0.0, 0.0)
(0.0, 0.0)
(0.0, 0.0)
(0.0, 0.0)
(0.0, 0.0)
(0.0, 0.0)
(0.0, 0.0)
(0.0, 0.0)
(0.0, 0.0)
(0.0, 0.0)
(0.0, 0.0)
(0.0, 0.0)
(0.0, 0.0)
(0.0, 0.0)
(0.0, 0.0)
(0.0, 0.0)
(0.0, 0.0)
(0.0, 0.0)
(0.0, 0.0)
(0.0, 0.0)
(0.0, 0.0)
(0.0, 0.0)
(0.0, 0.0)
(0.0, 0.0)
(0.0, 0.0)
(0.0, 0.0)
(0.0, 0.0)
(0.0, 0.0)
(0.0, 0.0)
(0.0, 0.0)
(0.0, 0.0)
(0.0, 0.0)
(0.0, 0.0)
(0.0, 0.0)
(0.0, 0.0)
(0.0, 0.0)
(0.0, 0.0)
(0.0, 0.0)
(0.0, 0.0)
(0.0, 0.0)
(0.0, 0.0)
(0.0, 0.0)
(0.0, 0.0)
(0.0, 0.0)
(0.0, 0.0)
(0.0, 0.0)
(0.0, 0.0)
(0.0, 0.0)
(0.0, 0.0)
(0.0, 0.0)
(0.0, 0.0)
(0.0, 0.0)
(0.0, 0.0)
(0.0, 0.0)
(0.0, 0.0)
(0.0, 0.0)
(0.0, 0.0)
(0.0, 0.0)
(0.0, 0.0)
(0.0, 0.0)
(0.0, 0.0)
(0.0, 0.0)
(0.0, 0.0)
(0.0, 0.0)
(0.0, 0.0)
(0.0, 0.0)
(0.0, 0.0)
(0.0, 0.0)
(0.0, 0.0)
(0.0, 0.0)
(0.0, 0.0)
(0.0, 0.0)
(0.0, 0.0)
(0.0, 0.0)
(0.0, 0.0)
(0.0, 0.0)
(0.0, 0.0)
(0.0, 0.0)
(0.0, 0.0)
(0.0, 0.0)
(0.0, 0.0)
(0.0, 0.0)
(0.0, 0.0)
(0.0, 0.0)
(0.0, 0.0)
(0.09000000171363354, 0.0009000000171363354)
(0.0, 0.0009000000171363354)
(0.0, 0.0009000000171363354)
(0.0, 0.0009000000171363354)
(0.10000000149011612, 0.0019000000320374966)
(0.10000000149011612, 0.0029000000469386576)
(0.0, 0.0029000000469386576)
(0.0, 0.0029000000469386576)
(0.0, 0.0029000000469386576)
(0.0, 0.0029000000469386576)
(0.0, 0.0029000000469386576)
(0.0, 0.0029000000469386576)
(0.0, 0.0029000000469386576)
(0.0, 0.0029000000469386576)
(0.0, 0.0029000000469386576)
(0.09000000171363354, 0.003800000064074993)
(0.19000000320374966, 0.00570000009611249)
(0.0, 0.00570000009611249)
(0.0, 0.00570000009611249)
(0.0, 0.00570000009611249)
(0.0, 0.00570000009611249)
(0.10000000149011612, 0.006700000111013651)
(0.10000000149011612, 0.007700000125914812)
(0.0, 0.007700000125914812)
(0.0, 0.007700000125914812)
(0.0, 0.007700000125914812)
(0.0, 0.007700000125914812)
(0.0, 0.007700000125914812)
(0.10000000149011612, 0.008700000140815973)
(0.0, 0.008700000140815973)
(0.10000000149011612, 0.009700000155717134)
(0.10000000149011612, 0.010700000170618295)
(0.10000000149011612, 0.011700000185519456)
(0.0, 0.011700000185519456)
(0.0, 0.011700000185519456)
(0.10000000149011612, 0.012700000200420619)
(0.10000000149011612, 0.01370000021532178)
(0.20000000298023224, 0.0157000002451241)
(0.10000000149011612, 0.01670000026002526)
(0.10000000149011612, 0.017700000274926422)
(0.10000000149011612, 0.018700000289827587)
(0.20000000298023224, 0.02070000031962991)
(0.10000000149011612, 0.02170000033453107)
(0.10000000149011612, 0.02270000034943223)
(0.10000000149011612, 0.023700000364333392)
(0.10000000149011612, 0.024700000379234553)
(0.10000000149011612, 0.025700000394135714)
(0.10000000149011612, 0.026700000409036875)
(0.10000000149011612, 0.027700000423938036)
(0.10000000149011612, 0.028700000438839197)
(0.0, 0.028700000438839197)
(0.0, 0.028700000438839197)
(0.0, 0.028700000438839197)
(0.0, 0.028700000438839197)
(0.0, 0.028700000438839197)
(0.0, 0.028700000438839197)
(0.0, 0.028700000438839197)
(0.0, 0.028700000438839197)
(0.0, 0.028700000438839197)
(0.0, 0.028700000438839197)
(0.0, 0.028700000438839197)
(0.0, 0.028700000438839197)
(0.0, 0.028700000438839197)
(0.0, 0.028700000438839197)
(0.0, 0.028700000438839197)
(0.0, 0.028700000438839197)
(0.0, 0.028700000438839197)
(0.0, 0.028700000438839197)
(0.0, 0.028700000438839197)
(0.0, 0.028700000438839197)
(0.0, 0.028700000438839197)
(0.0, 0.028700000438839197)
(0.0, 0.028700000438839197)
(0.0, 0.028700000438839197)
(0.0, 0.028700000438839197)
(0.0, 0.028700000438839197)
(0.0, 0.028700000438839197)
(0.0, 0.028700000438839197)
(0.0, 0.028700000438839197)
(0.0, 0.028700000438839197)
(0.0, 0.028700000438839197)
(0.0, 0.028700000438839197)
(0.0, 0.028700000438839197)
(0.0, 0.028700000438839197)
(0.0, 0.028700000438839197)
(0.0, 0.028700000438839197)
(0.0, 0.028700000438839197)
(0.0, 0.028700000438839197)
(0.0, 0.028700000438839197)
(0.0, 0.028700000438839197)
(0.0, 0.028700000438839197)
(0.0, 0.028700000438839197)
(0.0, 0.028700000438839197)
(0.0, 0.028700000438839197)
(0.0, 0.028700000438839197)
(0.0, 0.028700000438839197)
(0.0, 0.028700000438839197)
(0.0, 0.028700000438839197)
(0.0, 0.028700000438839197)
(0.0, 0.028700000438839197)
(0.0, 0.027800000421702862)
(0.0, 0.027800000421702862)
(0.0, 0.027800000421702862)
(0.0, 0.027800000421702862)
(0.0, 0.0268000004068017)
(0.0, 0.02580000039190054)
(0.0, 0.02580000039190054)
(0.0, 0.02580000039190054)
(0.0, 0.02580000039190054)
(0.0, 0.02580000039190054)
(0.0, 0.02580000039190054)
(0.0, 0.02580000039190054)
(0.0, 0.02580000039190054)
(0.0, 0.02580000039190054)
(0.0, 0.02580000039190054)
(0.0, 0.024900000374764204)
(0.0, 0.023000000342726708)
(0.0, 0.023000000342726708)
(0.0, 0.023000000342726708)
(0.0, 0.023000000342726708)
(0.0, 0.023000000342726708)
(0.0, 0.022000000327825547)
(0.0, 0.021000000312924386)
(0.0, 0.021000000312924386)
(0.0, 0.021000000312924386)
(0.0, 0.021000000312924386)
(0.0, 0.021000000312924386)
(0.0, 0.021000000312924386)
(0.0, 0.020000000298023225)
(0.0, 0.020000000298023225)
(0.0, 0.019000000283122064)
(0.0, 0.018000000268220902)
(0.0, 0.01700000025331974)
(0.0, 0.01700000025331974)
(0.0, 0.01700000025331974)
(0.0, 0.01600000023841858)
(0.0, 0.015000000223517418)
(0.0, 0.013000000193715095)
(0.0, 0.012000000178813934)
(0.0, 0.011000000163912773)
(0.0, 0.010000000149011612)
(0.0, 0.00800000011920929)
(0.0, 0.007000000104308128)
(0.0, 0.006000000089406967)
(0.0, 0.005000000074505806)
(0.0, 0.004000000059604645)
(0.0, 0.0030000000447034836)
(0.0, 0.0020000000298023225)
(0.0, 0.0010000000149011613)
(0.0, 0.0)
(0.0, 0.0)
(0.0, 0.0)
(0.0, 0.0)
(0.0, 0.0)
(0.0, 0.0)
(0.10000000149011612, 0.0010000000149011613)
(0.0, 0.0010000000149011613)
(0.0, 0.0010000000149011613)
(0.0, 0.0010000000149011613)
(0.10000000149011612, 0.0020000000298023225)
(0.0, 0.0020000000298023225)
(0.10000000149011612, 0.0030000000447034836)
(0.0, 0.0030000000447034836)
(0.10000000149011612, 0.004000000059604645)
(0.10000000149011612, 0.005000000074505806)
(0.0, 0.005000000074505806)
(0.0, 0.005000000074505806)
(0.0, 0.005000000074505806)
(0.0, 0.005000000074505806)
(0.10000000149011612, 0.006000000089406967)
(0.0, 0.006000000089406967)
(0.0, 0.006000000089406967)
(0.0, 0.006000000089406967)
(0.10000000149011612, 0.007000000104308128)
(0.0, 0.007000000104308128)
(0.10000000149011612, 0.00800000011920929)
(0.0, 0.00800000011920929)
(0.0, 0.00800000011920929)
(0.0, 0.00800000011920929)
(0.0, 0.00800000011920929)
(0.0, 0.00800000011920929)
(0.0, 0.00800000011920929)
(0.0, 0.00800000011920929)
(0.0, 0.00800000011920929)
(0.0, 0.00800000011920929)
(0.0, 0.00800000011920929)
(0.0, 0.00800000011920929)
(0.0, 0.00800000011920929)
(0.0, 0.00800000011920929)
(0.0, 0.00800000011920929)
(0.0, 0.00800000011920929)
(0.0, 0.00800000011920929)
(0.0, 0.00800000011920929)
(0.0, 0.00800000011920929)
(0.0, 0.00800000011920929)
(0.10000000149011612, 0.009000000134110451)
(0.0, 0.009000000134110451)
(0.0, 0.009000000134110451)
(0.0, 0.009000000134110451)
(0.0, 0.009000000134110451)
(0.0, 0.009000000134110451)
(0.0, 0.009000000134110451)
(0.0, 0.009000000134110451)
(0.0, 0.009000000134110451)
(0.0, 0.009000000134110451)
(0.10000000149011612, 0.010000000149011612)
(0.0, 0.010000000149011612)
(0.10000000149011612, 0.011000000163912773)
(0.0, 0.011000000163912773)
(0.0, 0.011000000163912773)
(0.0, 0.011000000163912773)
(0.0, 0.011000000163912773)
(0.20000000298023224, 0.013000000193715095)
(0.0, 0.013000000193715095)
(0.09000000171363354, 0.013900000210851431)
(0.0, 0.013900000210851431)
(0.0, 0.013900000210851431)
(0.0, 0.013900000210851431)
(0.0, 0.013900000210851431)
(0.0, 0.013900000210851431)
(0.0, 0.013900000210851431)
(0.0, 0.013900000210851431)
(0.0, 0.013900000210851431)
(0.0, 0.013900000210851431)
(0.0, 0.013900000210851431)
(0.0, 0.013900000210851431)
(0.0, 0.013900000210851431)
(0.0, 0.013900000210851431)
(0.0, 0.013900000210851431)
(0.0, 0.013900000210851431)
(0.0, 0.013900000210851431)
(0.0, 0.013900000210851431)
(0.0, 0.013900000210851431)
(0.0, 0.013900000210851431)
(0.0, 0.013900000210851431)
(0.0, 0.013900000210851431)
(0.0, 0.013900000210851431)
(0.0, 0.013900000210851431)
(0.0, 0.013900000210851431)
(0.0, 0.013900000210851431)
(0.0, 0.013900000210851431)
(0.0, 0.013900000210851431)
(0.0, 0.013900000210851431)
(0.0, 0.013900000210851431)
(0.0, 0.013900000210851431)
(0.0, 0.013900000210851431)
(0.0, 0.013900000210851431)
(0.0, 0.013900000210851431)
(0.0, 0.013900000210851431)
(0.0, 0.013900000210851431)
(0.0, 0.013900000210851431)
(0.0, 0.013900000210851431)
(0.0, 0.013900000210851431)
(0.0, 0.013900000210851431)
(0.0, 0.013900000210851431)
(0.0, 0.01290000019595027)
(0.0, 0.01290000019595027)
(0.0, 0.01290000019595027)
(0.0, 0.01290000019595027)
(0.0, 0.011900000181049109)
(0.0, 0.011900000181049109)
(0.0, 0.010900000166147948)
(0.0, 0.010900000166147948)
(0.0, 0.009900000151246787)
(0.0, 0.008900000136345626)
(0.0, 0.008900000136345626)
(0.0, 0.008900000136345626)
(0.0, 0.008900000136345626)
(0.0, 0.008900000136345626)
(0.0, 0.007900000121444463)
(0.0, 0.007900000121444463)
(0.10000000149011612, 0.008900000136345626)
(0.0, 0.008900000136345626)
(0.0, 0.007900000121444463)
(0.0, 0.007900000121444463)
(0.0, 0.006900000106543303)
(0.0, 0.006900000106543303)
(0.0, 0.006900000106543303)
(0.0, 0.006900000106543303)
(0.0, 0.006900000106543303)
(0.0, 0.006900000106543303)
(0.0, 0.006900000106543303)
(0.0, 0.006900000106543303)
(0.20000000298023224, 0.008900000136345626)
(0.0, 0.008900000136345626)
(0.0, 0.008900000136345626)
(0.20000000298023224, 0.010900000166147948)
(0.0, 0.010900000166147948)
(0.0, 0.010900000166147948)
(0.0, 0.010900000166147948)
(0.0, 0.010900000166147948)
(0.0, 0.010900000166147948)
(0.0, 0.010900000166147948)
(0.0, 0.010900000166147948)
(0.0, 0.010900000166147948)
(0.0, 0.009900000151246787)
(0.10000000149011612, 0.010900000166147948)
(0.0, 0.010900000166147948)
(0.0, 0.010900000166147948)
(0.0, 0.010900000166147948)
(0.0, 0.010900000166147948)
(0.0, 0.010900000166147948)
(0.0, 0.010900000166147948)
(0.0, 0.010900000166147948)
(0.0, 0.010900000166147948)
(0.0, 0.009900000151246787)
(0.0, 0.009900000151246787)
(0.0, 0.008900000136345626)
(0.0, 0.008900000136345626)
(0.0, 0.008900000136345626)
(0.0, 0.008900000136345626)
(0.0, 0.008900000136345626)
(0.0, 0.006900000106543303)
(0.0, 0.006900000106543303)
(0.0, 0.006000000089406967)
(0.0, 0.006000000089406967)
(0.0, 0.006000000089406967)
(0.0, 0.006000000089406967)
(0.0, 0.006000000089406967)
(0.0, 0.006000000089406967)
(0.0, 0.006000000089406967)
(0.0, 0.006000000089406967)
(0.0, 0.006000000089406967)
(0.0, 0.006000000089406967)
(0.0, 0.006000000089406967)
(0.0, 0.006000000089406967)
(0.0, 0.006000000089406967)
(0.0, 0.006000000089406967)
(0.10000000149011612, 0.007000000104308128)
(0.09000000171363354, 0.007900000121444463)
(0.0, 0.007900000121444463)
(0.09000000171363354, 0.008800000138580798)
(0.10000000149011612, 0.00980000015348196)
(0.09000000171363354, 0.010700000170618295)
(0.0, 0.010700000170618295)
(0.10000000149011612, 0.011700000185519456)
(0.0, 0.011700000185519456)
(0.0, 0.011700000185519456)
(0.0, 0.011700000185519456)
(0.10000000149011612, 0.012700000200420619)
(0.0, 0.012700000200420619)
(0.0, 0.012700000200420619)
(0.10000000149011612, 0.01370000021532178)
(0.09000000171363354, 0.014600000232458115)
(0.10000000149011612, 0.015600000247359276)
(0.10000000149011612, 0.016600000262260436)
(0.10000000149011612, 0.017600000277161597)
(0.10000000149011612, 0.018600000292062758)
(0.10000000149011612, 0.01960000030696392)
(0.0, 0.01960000030696392)
(0.09000000171363354, 0.020500000324100254)
(0.10000000149011612, 0.021500000339001415)
(0.10000000149011612, 0.02250000035390258)
(0.10000000149011612, 0.02350000036880374)
(0.09000000171363354, 0.024400000385940077)
(0.09000000171363354, 0.02530000040307641)
(0.10000000149011612, 0.026300000417977573)
(0.10000000149011612, 0.027300000432878734)
(0.10000000149011612, 0.028300000447779895)
(0.20000000298023224, 0.030300000477582217)
(0.09000000171363354, 0.031200000494718553)
(0.10000000149011612, 0.032200000509619714)
(0.30000000447034836, 0.035200000554323194)
(0.10000000149011612, 0.03620000056922436)
(0.10000000149011612, 0.037200000584125516)
(0.10000000149011612, 0.03820000059902668)
(0.10000000149011612, 0.03920000061392784)
(0.10000000149011612, 0.040200000628829)
(0.09000000171363354, 0.041100000645965334)
(0.10000000149011612, 0.0421000006608665)
(0.09000000171363354, 0.04300000067800283)
(0.09000000171363354, 0.042900000680238005)
(0.10000000149011612, 0.04390000069513917)
(0.10000000149011612, 0.04490000071004033)
(0.10000000149011612, 0.04590000072494149)
(0.10000000149011612, 0.04690000073984266)
(0.10000000149011612, 0.047900000754743814)
(0.09000000171363354, 0.04880000077188015)
(0.10000000149011612, 0.04980000078678131)
(0.10000000149011612, 0.050800000801682475)
(0.10000000149011612, 0.05180000081658363)
(0.10000000149011612, 0.0528000008314848)
(0.20000000298023224, 0.05480000086128712)
(0.10000000149011612, 0.053800000846385955)
(0.0, 0.053800000846385955)
(0.10000000149011612, 0.05480000086128712)
(0.10000000149011612, 0.053800000846385955)
(0.10000000149011612, 0.05480000086128712)
(0.10000000149011612, 0.05580000087618828)
(0.10000000149011612, 0.05680000089108944)
(0.20000000298023224, 0.058800000920891764)
(0.20000000298023224, 0.060800000950694086)
(0.10000000149011612, 0.06180000096559524)
(0.10000000149011612, 0.0628000009804964)
(0.10000000149011612, 0.06380000099539757)
(0.10000000149011612, 0.06480000101029873)
(0.10000000149011612, 0.06480000101029873)
(0.10000000149011612, 0.0658000010251999)
(0.09000000171363354, 0.06670000104233623)
(0.10000000149011612, 0.06770000105723739)
(0.10000000149011612, 0.06870000107213854)
(0.10000000149011612, 0.0697000010870397)
(0.10000000149011612, 0.07070000110194087)
(0.10000000149011612, 0.07170000111684204)
(0.09000000171363354, 0.07260000113397837)
(0.09000000171363354, 0.0735000011511147)
(0.10000000149011612, 0.07450000116601586)
(0.10000000149011612, 0.07550000118091703)
(0.10000000149011612, 0.07650000119581818)
(0.10000000149011612, 0.07750000121071934)
(0.0, 0.07750000121071934)
(0.09000000171363354, 0.07840000122785568)
(0.0, 0.07840000122785568)
(0.10000000149011612, 0.07940000124275684)
(0.10000000149011612, 0.080400001257658)
(0.0, 0.080400001257658)
(0.10000000149011612, 0.08140000127255917)
(0.0, 0.08140000127255917)
(0.0, 0.08140000127255917)
(0.0, 0.08140000127255917)
(0.0, 0.08140000127255917)
(0.0, 0.08140000127255917)
(0.0, 0.08140000127255917)
(0.0, 0.08140000127255917)
(0.0, 0.08140000127255917)
(0.0, 0.08140000127255917)
(0.0, 0.08140000127255917)
(0.0, 0.08140000127255917)
(0.0, 0.080400001257658)
(0.0, 0.07950000124052167)
(0.0, 0.07950000124052167)
(0.0, 0.07860000122338534)
(0.0, 0.07760000120848418)
(0.0, 0.07670000119134784)
(0.0, 0.07670000119134784)
(0.0, 0.07570000117644668)
(0.09000000171363354, 0.07660000119358301)
(0.10000000149011612, 0.07760000120848418)
(0.0, 0.07760000120848418)
(0.0, 0.07660000119358301)
(0.0, 0.07660000119358301)
(0.0, 0.07660000119358301)
(0.0, 0.07560000117868185)
(0.09000000171363354, 0.07560000117868185)
(0.0, 0.07460000116378068)
(0.0, 0.07360000114887953)
(0.0, 0.07260000113397837)
(0.0, 0.0716000011190772)
(0.0, 0.07060000110417604)
(0.0, 0.07060000110417604)
(0.09000000171363354, 0.07060000110417604)
(0.09000000171363354, 0.07050000110641122)
(0.09000000171363354, 0.07040000110864639)
(0.10000000149011612, 0.07040000110864639)
(0.09000000171363354, 0.07040000110864639)
(0.10000000149011612, 0.07050000110641122)
(0.10000000149011612, 0.07050000110641122)
(0.10000000149011612, 0.07050000110641122)
(0.10000000149011612, 0.07050000110641122)
(0.09000000171363354, 0.06940000109374524)
(0.09000000171363354, 0.06940000109374524)
(0.09000000171363354, 0.0693000010959804)
(0.10000000149011612, 0.06730000106617809)
(0.09000000171363354, 0.06720000106841326)
(0.10000000149011612, 0.06720000106841326)
(0.10000000149011612, 0.06720000106841326)
(0.09000000171363354, 0.06710000107064844)
(0.10000000149011612, 0.06710000107064844)
(0.10000000149011612, 0.06720000106841326)
(0.10000000149011612, 0.06720000106841326)
(0.09000000171363354, 0.06720000106841326)
(0.10000000149011612, 0.06730000106617809)
(0.10000000149011612, 0.06730000106617809)
(0.10000000149011612, 0.06730000106617809)
(0.09000000171363354, 0.06720000106841326)
(0.0, 0.06620000105351209)
(0.10000000149011612, 0.06620000105351209)
(0.10000000149011612, 0.06630000105127692)
(0.10000000149011612, 0.06630000105127692)
(0.09000000171363354, 0.06620000105351209)
(0.09000000171363354, 0.06610000105574727)
(0.10000000149011612, 0.06610000105574727)
(0.09000000171363354, 0.06500000104308129)
(0.09000000171363354, 0.06490000104531646)
(0.09000000171363354, 0.06580000106245279)
(0.09000000171363354, 0.06570000106468797)
(0.09000000171363354, 0.06560000106692314)
(0.10000000149011612, 0.06560000106692314)
(0.10000000149011612, 0.06560000106692314)
(0.09000000171363354, 0.06550000106915832)
(0.10000000149011612, 0.06450000105425716)
(0.10000000149011612, 0.06350000103935599)
(0.09000000171363354, 0.06340000104159117)
(0.09000000171363354, 0.06330000104382634)
(0.09000000171363354, 0.06320000104606152)
(0.10000000149011612, 0.06320000104606152)
(0.09000000171363354, 0.06310000104829669)
(0.09000000171363354, 0.06300000105053187)
(0.09000000171363354, 0.06300000105053187)
(0.10000000149011612, 0.06300000105053187)
(0.09000000171363354, 0.06290000105276704)
(0.10000000149011612, 0.06290000105276704)
(0.10000000149011612, 0.06290000105276704)
(0.10000000149011612, 0.06290000105276704)
(0.10000000149011612, 0.06300000105053187)
(0.09000000171363354, 0.06300000105053187)
(0.10000000149011612, 0.06300000105053187)
(0.09000000171363354, 0.06290000105276704)
(0.09000000171363354, 0.06280000105500222)
(0.09000000171363354, 0.06270000105723739)
(0.10000000149011612, 0.06370000107213855)
(0.0, 0.06280000105500222)
(0.10000000149011612, 0.06380000106990337)
(0.09000000171363354, 0.06370000107213855)
(0.09000000171363354, 0.06360000107437372)
(0.09000000171363354, 0.06450000109151005)
(0.0, 0.0635000010766089)
(0.0, 0.0635000010766089)
(0.0, 0.0635000010766089)
(0.09000000171363354, 0.06440000109374523)
(0.10000000149011612, 0.0654000011086464)
(0.30000000447034836, 0.06840000115334988)
(0.09000000171363354, 0.06930000117048621)
(0.10000000149011612, 0.07030000118538737)
(0.09000000171363354, 0.0712000012025237)
(0.10000000149011612, 0.07220000121742487)
(0.0, 0.07220000121742487)
(0.10000000149011612, 0.07320000123232603)
(0.0, 0.07320000123232603)
(0.0, 0.07320000123232603)
(0.0, 0.07320000123232603)
(0.0, 0.07320000123232603)
(0.0, 0.07320000123232603)
(0.0, 0.07320000123232603)
(0.0, 0.07320000123232603)
(0.0, 0.07320000123232603)
(0.0, 0.0723000012151897)
(0.0, 0.07130000120028854)
(0.0, 0.07130000120028854)
(0.0, 0.07130000120028854)
(0.0, 0.07130000120028854)
(0.0, 0.07130000120028854)
(0.0, 0.07130000120028854)
(0.0, 0.0704000011831522)
(0.0, 0.0704000011831522)
(0.0, 0.0704000011831522)
(0.10000000149011612, 0.07140000119805336)
(0.10000000149011612, 0.07240000121295452)
(0.09000000171363354, 0.07330000123009085)
(0.20000000298023224, 0.07530000125989318)
(0.09000000171363354, 0.07530000125989318)
(0.20000000298023224, 0.07640000127255916)
(0.10000000149011612, 0.076500001270324)
(0.10000000149011612, 0.076500001270324)
(0.10000000149011612, 0.07660000126808882)
(0.09000000171363354, 0.076500001270324)
(0.4000000059604645, 0.07950000131502748)
(0.10000000149011612, 0.07950000131502748)
(0.30000000447034836, 0.08150000134482979)
(0.10000000149011612, 0.08160000134259462)
(0.20000000298023224, 0.08270000135526061)
(0.19000000320374966, 0.08370000137016177)
(0.10000000149011612, 0.08370000137016177)
(0.10000000149011612, 0.08380000136792659)
(0.10000000149011612, 0.08380000136792659)
(0.09000000171363354, 0.08370000137016177)
(0.10000000149011612, 0.08380000136792659)
(0.10000000149011612, 0.08380000136792659)
(0.10000000149011612, 0.08380000136792659)
(0.09000000171363354, 0.08370000137016177)
(0.0, 0.08280000135302544)
(0.0, 0.08180000133812428)
(0.0, 0.08080000132322311)
(0.09000000171363354, 0.08070000132545829)
(0.30000000447034836, 0.08280000135302544)
(0.0, 0.08280000135302544)
(0.0, 0.08180000133812428)
(0.0, 0.08080000132322311)
(0.0, 0.07980000130832195)
(0.0, 0.07890000129118561)
(0.0, 0.07800000127404928)
(0.0, 0.07700000125914812)
(0.0, 0.07610000124201179)
(0.09000000171363354, 0.07610000124201179)
(0.0, 0.07520000122487545)
(0.0, 0.07430000120773911)
(0.0, 0.07340000119060278)
(0.10000000149011612, 0.07340000119060278)
(0.0, 0.07240000117570161)
(0.0, 0.07150000115856528)
(0.0, 0.07050000114366411)
(0.10000000149011612, 0.07050000114366411)
(0.0, 0.06960000112652778)
(0.10000000149011612, 0.06970000112429262)
(0.0, 0.06880000110715628)
(0.0, 0.06780000109225512)
(0.10000000149011612, 0.06790000109001994)
(0.10000000149011612, 0.06800000108778477)
(0.0, 0.06710000107064844)
(0.10000000149011612, 0.06710000107064844)
(0.0, 0.06620000105351209)
(0.09000000171363354, 0.06610000105574727)
(0.09000000171363354, 0.06600000105798244)
(0.0, 0.06500000104308129)
(0.0, 0.06400000102818013)
(0.09000000171363354, 0.06400000102818013)
(0.0, 0.06300000101327896)
(0.0, 0.06210000099614263)
(0.0, 0.06120000097900629)
(0.0, 0.06030000096186996)
(0.10000000149011612, 0.06030000096186996)
(0.0, 0.06030000096186996)
(0.0, 0.059300000946968794)
(0.0, 0.05840000092983246)
(0.0, 0.05750000091269612)
(0.0, 0.05660000089555979)
(0.0, 0.05660000089555979)
(0.0, 0.05660000089555979)
(0.0, 0.05660000089555979)
(0.10000000149011612, 0.056700000893324616)
(0.0, 0.05570000087842345)
(0.10000000149011612, 0.05370000084862113)
(0.0, 0.0528000008314848)
(0.0, 0.05180000081658363)
(0.0, 0.0509000007994473)
(0.0, 0.049900000784546136)
(0.0, 0.049900000784546136)
(0.0, 0.04890000076964498)
(0.0, 0.04890000076964498)
(0.0, 0.04890000076964498)
(0.10000000149011612, 0.049900000784546136)
(0.0, 0.049900000784546136)
(0.0, 0.049900000784546136)
(0.0, 0.049900000784546136)
(0.10000000149011612, 0.0509000007994473)
(0.0, 0.0509000007994473)
(0.0, 0.0509000007994473)
(0.10000000149011612, 0.05190000081434846)
(0.0, 0.05190000081434846)
(0.10000000149011612, 0.05290000082924962)
(0.0, 0.05290000082924962)
(0.0, 0.05290000082924962)
(0.0, 0.05290000082924962)
(0.10000000149011612, 0.05390000084415078)
(0.09000000171363354, 0.05480000086128712)
(0.0, 0.05480000086128712)
(0.0, 0.053800000846385955)
(0.0, 0.0528000008314848)
(0.09000000171363354, 0.0528000008314848)
(0.09000000171363354, 0.05170000081881881)
(0.30000000447034836, 0.053800000846385955)
(0.4000000059604645, 0.05580000087618828)
(0.10000000149011612, 0.05580000087618828)
(0.0, 0.05480000086128712)
(0.0, 0.053800000846385955)
(0.0, 0.05290000082924962)
(0.09000000171363354, 0.04980000078678131)
(0.09000000171363354, 0.049700000789016485)
(0.0, 0.046700000744313)
(0.0, 0.04570000072941184)
(0.0, 0.04370000069960952)
(0.09000000171363354, 0.042700000684708354)
(0.10000000149011612, 0.042700000684708354)
(0.0, 0.0417000006698072)
(0.09000000171363354, 0.04160000067204237)
(0.09000000171363354, 0.04160000067204237)
(0.09000000171363354, 0.041500000674277546)
(0.0, 0.04050000065937638)
(0.0, 0.039500000644475224)
(0.0, 0.038600000627338885)
(0.10000000149011612, 0.03960000064224005)
(0.0, 0.03960000064224005)
(0.0, 0.03960000064224005)
(0.10000000149011612, 0.039700000640004875)
(0.0, 0.03670000059530139)
(0.10000000149011612, 0.03770000061020255)
(0.10000000149011612, 0.03870000062510371)
(0.0, 0.03870000062510371)
(0.10000000149011612, 0.039700000640004875)
(0.10000000149011612, 0.04070000065490603)
(0.0, 0.04070000065490603)
(0.0, 0.04070000065490603)
(0.10000000149011612, 0.0417000006698072)
(0.0, 0.04080000065267086)
(0.0, 0.04080000065267086)
(0.09000000171363354, 0.0417000006698072)
(0.09000000171363354, 0.04260000068694353)
(0.10000000149011612, 0.04260000068694353)
(0.0, 0.04260000068694353)
(0.0, 0.04260000068694353)
(0.0, 0.04260000068694353)
(1.0000000149011612, 0.05160000082105398)
(0.20000000298023224, 0.053600000850856304)
(0.20000000298023224, 0.05460000086575747)
(0.6000000089406967, 0.060600000955164435)
(0.09000000171363354, 0.06150000097230077)
(0.10000000149011612, 0.06150000097230077)
(0.10000000149011612, 0.06150000097230077)
(0.20000000298023224, 0.0635000010021031)
(0.09000000171363354, 0.06340000100433826)
(0.09000000171363354, 0.0643000010214746)
(0.5000000074505806, 0.06840000107884407)
(2.600000038743019, 0.09350000144913792)
(0.0, 0.09350000144913792)
(1.5000000223517418, 0.10850000167265535)
(2.600000038743019, 0.1336000020429492)
(2.600000038743019, 0.1596000024303794)
(0.0, 0.1596000024303794)
(0.0, 0.1596000024303794)
(2.600000038743019, 0.18560000281780958)
(2.600000038743019, 0.2106000031903386)
(2.600000038743019, 0.2366000035777688)
(2.7000000402331352, 0.26360000398010014)
(2.600000038743019, 0.28960000436753036)
(2.600000038743019, 0.31560000475496053)
(2.7000000402331352, 0.3426000051572919)
(2.600000038743019, 0.36860000554472205)
(2.600000038743019, 0.3946000059321523)
(2.7000000402331352, 0.42160000633448363)
(2.600000038743019, 0.44660000670701266)
(2.600000038743019, 0.47260000709444283)
(2.7000000402331352, 0.49860000748187305)
(2.600000038743019, 0.5246000078693033)
